,tag,time,alt,range,V,Vz,LD,pDOH,eff_p,mass,m_fl,m_bat,m_NOx,m_CO,oem,m_py,eff,P_req,P_tot,P_motor,P_power_el,P_cables,P_battery,P_loss_motor,P_loss_power_el,P_loss_cables,P_loss_battery,P_GT_out,P_GT_in,P_GT_loss,eta_GT
0,0,0.0,0,0.0,0.0,0.0,0.0,0.0,0.0,19958.940712823558,0.0,0.0,0.0,0.0,11550,5000,0.0,0.0,0.0,0.0,0.0,0.0,0.0,0.0,0.0,0.0,0.0,0.0,0.0,0.0,0.06208974790458665
1,takeoff,13.916,0,0.0,53.495,0.0,6.154,0.0,0.64,19956.411521951446,2.5291908721112097,0.0,0.02367740987864398,0.007986736837149672,11550,5000,0.21702128601019646,1702010.3449744536,7842596.347413069,0.0,0.0,0.0,0.0,0.0,0.0,0.0,0.0,859601.1843305321,2794226.8053955203,1934625.6210649882,0.3076347212297451
2,climbout,3.933,30,0.0,63.222,7.629,10.5,0.0,0.8,19955.552044958848,0.8594769926001649,0.0,0.009333977066532202,0.0018713694604110356,11550,5000,0.28350377626090345,2672321.1869494813,9426051.469911257,0.0,0.0,0.0,0.0,0.0,0.0,0.0,0.0,1349657.1651260005,3920611.287264874,2570954.1221388737,0.3442466151923871
3,climbout,3.932,60,0.0,63.222,7.63,10.5,0.0,0.8,19954.693360283825,0.858684675022284,0.0,0.009317712168326164,0.0018730145408688416,11550,5000,0.2837051400581019,2672401.860154637,9419645.550332073,0.0,0.0,0.0,0.0,0.0,0.0,0.0,0.0,1349697.9091690087,3917263.786206261,2567565.877037252,0.34455119257519956
4,climbout,3.932,90,0.0,63.222,7.63,10.5,0.0,0.8,19953.83530385508,0.8580564287444823,0.0,0.00930276120090504,0.0018753354692496002,11550,5000,0.283902757197233,2672286.8670681203,9412683.742312612,0.0,0.0,0.0,0.0,0.0,0.0,0.0,0.0,1349639.831852586,3913701.4557246435,2564061.6238720575,0.3448499705766884
5,climbout,3.932,120,0.0,63.222,7.631,10.5,0.0,0.8,19952.977822796038,0.8574810590426912,0.0,0.009288862262251322,0.0018774690287043012,11550,5000,0.2841030194263075,2672367.7052392364,9406333.345684178,0.0,0.0,0.0,0.0,0.0,0.0,0.0,0.0,1349680.6592117355,3910382.647853741,2560701.9886420052,0.34515309133558153
6,climbout,3.931,150,0.0,63.222,7.632,10.5,0.0,0.8,19952.1211349629,0.8566878331383494,0.0,0.009272617447962293,0.0018791276968996096,11550,5000,0.28430281390359635,2672448.603638768,9400007.572717741,0.0,0.0,0.0,0.0,0.0,0.0,0.0,0.0,1349721.516989277,3907077.879375344,2557356.362386067,0.34545549350684246
7,climbout,3.931,180,0.0,63.222,7.619,10.5,0.0,0.8,19951.265768747056,0.8553662158430717,0.0,0.009244112374082073,0.0018839660339531634,11550,5000,0.2844584242408478,2669789.3671481893,9385516.967104157,0.0,0.0,0.0,0.0,0.0,0.0,0.0,0.0,1348378.4682566612,3900575.4637633846,2552196.9955067234,0.3456870609947661
8,climbout,3.938,210,0.0,63.222,7.601,10.5,0.0,0.8,19950.41046954561,0.8552992014433071,0.0,0.009226857607757592,0.0018931272541057049,11550,5000,0.28459835041492887,2666151.916255253,9368121.467914866,0.0,0.0,0.0,0.0,0.0,0.0,0.0,0.0,1346541.3718460873,3892939.67345985,2546398.3016137625,0.34589320277068375
9,climbout,3.946,240,0.0,63.222,7.583,10.5,0.0,0.8,19949.555024784233,0.8554447613802781,0.0,0.009211911625685437,0.0019027821330014404,11550,5000,0.28473831791344445,2662514.776386967,9350742.800961288,0.0,0.0,0.0,0.0,0.0,0.0,0.0,0.0,1344704.43251867,3885317.176073021,2540612.743554351,0.34609901111800445
10,climbout,3.957,270,0.0,63.222,7.564,10.5,0.0,0.8,19948.698843667706,0.8561811165263982,0.0,0.009202861714795356,0.0019140932556968944,11550,5000,0.28487523588220753,2658682.2140411157,9332795.12979657,0.0,0.0,0.0,0.0,0.0,0.0,0.0,0.0,1342768.7949702605,3877478.456538195,2534709.661567935,0.3462994856118638
11,climb,3.966,300,0.0,63.222,7.546,10.5,0.7900042260626486,0.8,19948.417547725167,0.2812959425381392,6.800202734758075,0.000589632914743371,0.009967854749025059,11550,5000,0.43179813023559743,2655045.5693266327,6148812.103188099,1115096.8740866298,1161075.4623975737,1172803.4973712866,1234529.9972329333,55754.84370433154,45978.58831094389,11728.034973712876,61726.49986164672,281590.0753382232,1348597.991056603,1067007.9157183797,0.20880208720880733
12,climb,34.119,544,2821.404,83.34,7.017,16.0,0.7830007853848308,0.73,19946.027165088613,2.3903826365518626,57.25934073221766,0.004925977378680398,0.08607045505211287,11550,5000,0.3961148513734558,2392505.62883253,6039929.12797123,995924.3946908559,1036989.1656506204,1047463.8036874953,1102593.4775657845,49796.219734542836,41064.77095976454,10474.638036874961,55129.67387828927,262208.00122173264,1267748.6430318786,1005540.641810146,0.2068296445537108
13,climb,34.773,788,2876.205,83.34,6.883,16.0,0.7758631013176025,0.73,19943.591178316994,2.4359867716193055,57.18428762739438,0.005068886068634433,0.08817419946877246,11550,5000,0.3957990608939062,2365999.088679645,5977778.429630611,975912.4883878846,1016152.1120240364,1026416.2747717539,1080438.1839702674,48795.62441939427,40239.62363615181,10264.162747717548,54021.90919851342,267832.1707181992,1263360.5704179127,995528.3996997135,0.21199978611775244
14,climb,35.45,1032,2933.149,83.34,6.749,16.0,0.7685864527631712,0.73,19941.107951570997,2.4832267459986244,57.103889234205575,0.005217197217726887,0.09035196593598606,11550,5000,0.39544546120237395,2339493.483416822,5916096.435405938,955929.2916969112,995344.9517877043,1005398.9411997013,1058314.6749470541,47796.464584845606,39415.660090793055,10053.989411997021,52915.73374735275,273429.5382499656,1259216.9946160696,985787.4563661041,0.21714250952698838
15,climb,36.156,1276,2992.366,83.34,6.614,16.0,0.7611648870330154,0.73,19938.575631959593,2.53231961140404,57.02047165615823,0.005369917266988203,0.09262362238289036,11550,5000,0.39507078552809555,2312793.1808778173,5854123.528233759,935894.1840795281,974483.7401910954,984327.0102940358,1036133.6950463535,46794.70920397645,38589.55611156735,9843.270102940367,51806.68475231772,278977.8892041541,1255109.4717168154,976131.5825126612,0.2222737502112474
16,climb,36.891,1520,3053.996,83.34,6.48,16.0,0.7535924514386141,0.73,19935.99216996085,2.583461998745128,56.94073363502494,0.005529074741272139,0.09498635338065411,11550,5000,0.3946918314962813,2286289.424256244,5792593.719482095,915965.1525377145,953732.9784857502,963366.6449351012,1014070.1525632645,45798.25762688577,37767.82594803568,9633.66644935102,50703.50762816327,284524.73350141593,1251049.9453391766,966525.2118377606,0.22742875659075099
17,climb,37.655,1764,3118.189,83.34,6.345,16.0,0.7458631932914459,0.73,19933.355767899786,2.6364020610651626,56.85210370751312,0.005692332493706136,0.09744613847690772,11550,5000,0.3942917900442921,2259590.9561254517,5730758.319547116,895983.905405742,932927.8481942336,942351.3618123572,991948.8019077445,44799.19527028714,36943.94278849162,9423.513618123581,49597.44009538727,290022.843463258,1246894.3210014547,956871.4775381967,0.23259617000286237
18,climb,38.454,2008,3185.112,83.34,6.211,16.0,0.7379699283122609,0.73,19930.663867764415,2.6919001353699508,56.770287359032885,0.005864035610832392,0.10001242785999415,11550,5000,0.3938801134475888,2233088.9467939464,5669463.551353145,876104.4603830043,912228.7175999627,921443.1490908714,969940.1569377595,43805.22301915025,36124.2572169585,9214.431490908722,48497.00784688802,295523.463037129,1242900.8800486082,947377.4170114791,0.23776913169903902
19,climb,39.287,2252,3254.941,83.34,6.076,16.0,0.729905677486931,0.73,19927.91420475512,2.7496630092926924,56.68043918284248,0.00604199537949088,0.10268826399339676,11550,5000,0.393436427533359,2206392.2045920114,5608001.827448817,856171.2902151066,891473.6466213104,900478.4309306166,947872.0325585438,42808.564510755365,35302.356406203864,9004.784309306173,47393.60162792724,300976.7715643414,1239021.6214128057,938044.8498484644,0.2429148663452296
20,climb,40.157,2496,3327.873,83.34,5.942,16.0,0.7216628460059635,0.73,19925.10391433738,2.8102904177426393,56.59335256758709,0.006230616847429751,0.1054735359229052,11550,5000,0.39296758209557586,2179891.7672161837,5547255.97361362,836335.4049517281,870819.8718781008,879616.0322001018,925911.6128422124,41816.77024758644,34484.46692637276,8796.160322001026,46295.58064211066,306436.8032838299,1235412.1749966186,928975.3717127887,0.24804418273170137
21,climb,41.067,2740,3404.118,83.34,5.807,16.0,0.7132332232645013,0.73,19922.23023480192,2.8736795354599827,56.49930431529865,0.006427467184978471,0.10838386035883524,11550,5000,0.392460086603449,2153196.541389191,5486408.974792976,816444.0773721366,850108.3687756525,858695.3219956086,903889.8126269565,40822.20386860687,33664.29140351581,8586.953219956094,45194.490631347864,311851.1271980819,1231967.9849468064,920116.8577487246,0.25313249289635303
22,climb,42.019,2984,3483.91,83.34,5.672,16.0,0.7046081881274449,0.73,19919.2901041595,2.940130642418702,56.40194438108196,0.00663458907649137,0.11142151486711671,11550,5000,0.3919216408773641,2126501.993014019,5425834.583294729,796571.3537198344,829416.236692872,837794.1784776485,881888.6089238406,39828.56768599175,32844.882973037704,8377.941784776493,44094.43044619207,317248.11952879326,1228756.3254673386,911508.2059385453,0.25818635717552285
23,climb,43.017,3228,3567.503,83.34,5.537,16.0,0.6957782983992087,0.73,19916.280166386743,3.0099377727582346,56.30221468719629,0.00685292834126603,0.11459733700219257,11550,5000,0.391352335906824,2099808.0511567327,5365518.1239461675,776714.9775644818,808741.126160435,816910.2284448838,859905.5036261935,38835.74887822413,32026.1485959532,8169.102284448845,42995.27518130971,322629.888059567,1225725.7397905663,903095.8517309993,0.2632153976914062
24,climb,44.064,3472,3655.177,83.34,5.403,16.0,0.6867334960888429,0.73,19913.19668642393,3.083479962812161,56.20452444738652,0.007084810633772189,0.11791538211457049,11550,5000,0.39076163556644977,2073310.009205971,5305817.717239544,756943.8761818223,788154.8065200149,796115.9661818332,838016.8065071929,37847.19380909115,31210.930338192564,7961.1596618183385,41900.840325359684,328029.58490301186,1222874.5517189233,894844.9668159115,0.26824467353737946
25,climb,45.164,3716,3747.238,83.34,5.268,16.0,0.6774629021449124,0.73,19910.035984701077,3.1607017228508925,56.09825756325328,0.00732779854925206,0.121395725735748,11550,5000,0.39013311170042214,2046616.9730018657,5245945.323844839,737111.6821418819,767504.8751997937,775257.4496967613,816060.473365012,36855.584107094124,30393.19305791181,7752.57449696762,40803.02366825064,333388.8378247403,1220032.86840232,886644.0305775797,0.27326217715865786
26,climb,46.32,3960,3844.026,83.34,5.133,16.0,0.6679550217206174,0.73,19906.79374537561,3.242239325466525,55.98681229664191,0.007586777694685183,0.125035261044701,11550,5000,0.38945783103818377,2019924.2696653153,5186503.155632464,717287.9103765539,746863.7134283151,754407.7913417325,794113.4645702448,35864.395518827725,29575.803051761257,7544.077913417332,39705.67322851227,338740.2577005139,1217286.1161079966,878545.8584074827,0.27827497021288716
27,climb,47.538,4204,3945.916,83.34,4.998,16.0,0.6581971283784295,0.73,19903.464973986887,3.328771388723398,55.871402684363126,0.007865516398855386,0.12884226091348616,11550,5000,0.3887202555808159,1993231.7738646087,5127676.639557598,697469.1279906054,726227.7467623963,733563.3805680771,772171.9795453444,34873.4563995303,28758.618771790872,7335.633805680777,38608.598977267255,344087.0424819597,1214688.3175143409,870601.2750323812,0.283271879313104
28,climb,48.822,4448,4053.323,83.34,4.863,16.0,0.6481756746203351,0.73,19900.04427850827,3.420695478615106,55.75012068250678,0.008166110252440078,0.13282281039281096,11550,5000,0.387914871458733,1966539.3160806915,5069512.5677590715,677651.753252533,705593.2457856445,712720.4502885299,750232.0529352946,33882.58766262668,27941.4925331115,7127.2045028853045,37511.60264676476,349432.50919832167,1212261.6406908662,862829.1314925444,0.2882484254794869
29,climb,50.177,4692,4166.709,83.34,4.728,16.0,0.637876086622713,0.73,19896.525910081866,3.518368426403438,55.62157859241354,0.00848976352354111,0.13698857137738374,11550,5000,0.3870440568083994,1939846.7144976219,5011953.2398812035,657831.9143496386,684956.179039607,691874.9283228354,728289.3982345635,32891.59571748196,27124.26468996842,6918.74928322836,36414.46991172821,354780.2442454301,1210042.0571479902,855261.8129025601,0.2931966225055266
30,climb,51.611,4936,4286.59,83.34,4.593,16.0,0.6272821484409709,0.73,19892.903507559884,3.6224025219825036,55.48683669355251,0.0088386694724411,0.14135772613008663,11550,5000,0.3861079540241085,1913153.781552012,4954971.172214067,638004.8986655577,664311.6395934586,671021.8581752108,706338.7980791692,31900.244933277914,26306.74092790094,6710.218581752114,35316.9399039585,360134.6298798475,1208033.0226696657,847898.3927898183,0.29811654410239213
31,climb,53.128,5180,4413.539,83.34,4.457,16.0,0.6163768230700307,0.73,19889.170690393923,3.7328171659593554,55.33595283065733,0.009211286997733766,0.1459478794012002,11550,5000,0.3851025192563912,1886265.1526871123,4898085.726183698,618102.1383737314,643588.2323758136,650089.123611933,684304.34064414,30905.106918686597,25486.0940020822,6500.891236119335,34215.21703220703,365462.1365687493,1206111.2395163022,840649.1029475529,0.30300864845212283
32,climb,54.74,5424,4548.205,83.34,4.322,16.0,0.6051406103233573,0.73,19885.319603044925,3.851087348998173,55.18343566263449,0.009616350866551939,0.15076778173056912,11550,5000,0.3840401428618227,1859570.9799987993,4842126.570783699,598246.6335864313,622914.0291403907,629206.0900407986,662322.200042946,29912.33167932159,24667.39555395945,6292.060900407992,33116.11000214733,370842.9607185466,1204520.3058225098,833677.3451039632,0.30787605565961423
33,climb,56.452,5668,4691.31,83.34,4.187,16.0,0.5935529836888083,0.73,19881.342056993526,3.9775460513998757,55.01824646016999,0.010055015838696345,0.15582752757108334,11550,5000,0.3829051566996766,1832875.793187635,4786761.841980654,578367.3023803892,602215.0170557988,608297.9970260594,640313.6810800626,28918.365119019483,23847.714675409614,6082.9799702606,32015.68405400316,376245.9077828905,1203245.1109432452,826999.2031603548,0.3126926545231874
34,climb,58.275,5912,4843.679,83.34,4.052,16.0,0.581591158737906,0.73,19877.22896956971,4.113087423815622,54.83979550888178,0.010530926475095062,0.1611480669743299,11550,5000,0.3816971879733435,1806179.3182367105,4731969.150275344,558457.1624570598,581483.9259236358,587357.5009329655,618271.0536136479,27922.858122853017,23026.76346657596,5873.575009329661,30913.552680682424,381677.4725530207,1202292.5627783632,820615.0902253425,0.3174580666713989
35,climb,60.22,6156,5006.239,83.34,3.916,16.0,0.5692300931258367,0.73,19872.970456424322,4.258513145387418,54.63982613220612,0.011046876517700699,0.16675300440136478,11550,5000,0.3803951372577655,1779286.248843197,4677468.438923568,538449.3764628037,560651.1624977131,566314.3055532456,596120.3216349954,26922.468823140207,22201.786034909423,5663.1430555324605,29806.016081749796,387102.5109680118,1201626.2890132826,814523.7780452708,0.3221488365454135
36,climb,62.302,6400,5180.05,83.34,3.781,16.0,0.5564416655309655,0.73,19868.554392998685,4.416063425635647,54.42969774847589,0.011618110186303574,0.17262782988555586,11550,5000,0.3789951317681641,1752586.284735884,4624297.617120746,518454.0304439991,539831.3519825063,545284.1939217236,573983.362022867,25922.70152219998,21377.321538507233,5452.841939217241,28699.168101143372,392613.25932864734,1201469.3197823195,808856.0604536722,0.32677759878194845
37,climb,64.531,6644,5366.322,83.34,3.646,16.0,0.5431957019804434,0.73,19863.968441904875,4.585951093808746,54.19649301543452,0.012242278411871378,0.17880868935882588,11550,5000,0.37751124382699003,1725883.9145318842,4571741.750089015,498401.23577400454,518951.72404623544,524193.6606527631,551782.800687119,24920.061788700248,20550.48827223091,5241.936606527635,27589.140034355976,398177.3687075665,1201592.956861336,803415.5881537694,0.3313745860725083
38,climb,66.927,6888,5566.446,83.34,3.51,16.0,0.5294579231989927,0.73,19859.199062875956,4.769379028921098,53.93329359066008,0.012921756410348541,0.1853491843161374,11550,5000,0.37593459623076597,1698983.8433065384,4519360.176852741,478224.5918265405,497943.1401775723,502972.86886623467,529445.1251223523,23911.229591327046,19718.548351031848,5029.7286886623515,26472.25625611764,403759.28589940193,1201958.7012988466,798199.4153994446,0.33591776944007834
39,climb,69.509,7132,5782.026,83.34,3.375,16.0,0.5151901498740288,0.73,19854.229756505596,4.969306370361575,53.64772031781396,0.013677472785884456,0.19221371954106556,11550,5000,0.3742447828514945,1672275.3835679824,4468399.988976104,458022.22514143423,476907.7729502647,481725.02318208554,507078.97177061636,22901.11125707173,18885.547808830466,4817.25023182086,25353.948588530842,409462.41317017406,1203085.4712618103,793623.0580916362,0.3403435773692164
40,climb,72.299,7376,6014.921,83.34,3.239,16.0,0.5003496868602959,0.73,19849.042268303518,5.187488202078908,53.321690536825855,0.01451681216051738,0.19943133197843188,11550,5000,0.37238222695223666,1645368.2160643525,4418492.873655312,437671.1704825532,455717.5869247742,460320.7948735093,484548.20513000985,21883.55852412768,18046.416442221045,4603.2079487350975,24227.410256500516,415206.43655892427,1205131.8894576533,789925.4528987291,0.34453194724253794
41,climb,75.322,7620,6267.306,83.34,3.104,16.0,0.4848887073845024,0.73,19843.611654064298,5.430614239218195,52.96050044160581,0.015496832855095316,0.20678840303941265,11550,5000,0.3701534281556781,1618651.2371963912,4372919.751848478,417259.8118609696,434464.6104341624,438853.14185268927,461950.67563440977,20862.990593048497,17204.798573192817,4388.531418526896,23097.533781720507,421103.80357874115,1209658.8079598038,788555.0043810627,0.34811783356413517
42,cruise,134.326,7620,18657.88,138.9,0.0,14.5,0.12785078418641554,0.86,19828.926101062145,14.68555300215172,24.352678823955422,0.08816806061473967,0.09766732469719969,11550,5000,0.3705964365099174,1864764.4022298555,5031792.58762234,126747.25738862279,131973.40419473426,133306.46888356996,140322.5988248105,6337.362869431146,5226.146806111473,1333.0646888357007,7016.1299412405315,821390.3086272,2040653.4562608178,1219263.147633618,0.40251337438365004
43,cruise,134.326,7620,18657.879,138.9,0.0,14.5,0.12784008671328462,0.86,19814.25081396473,14.675287097415266,24.33262015192683,0.08806195405060228,0.09765104574886832,11550,5000,0.37058484135094577,1863384.3562511855,5028226.0587301,126642.85894913855,131864.70111322214,133196.66779113348,140207.01872750893,6332.142947456933,5221.842164083592,1331.966677911336,7010.350936375453,820792.4942261899,2039281.4597453834,1218488.9655191933,0.40249102952599336
44,cruise,134.326,7620,18657.88,138.9,0.0,14.5,0.12782938924015372,0.86,19799.58578390108,14.665030063651779,24.31257709236789,0.08795600131546014,0.09763470821665961,11550,5000,0.3705731973653372,1862005.2749907358,5024662.572007439,126538.54176715059,131756.082639682,133086.95216129493,140091.52859083677,6326.927088357535,5217.540872531403,1330.8695216129504,7004.576429541845,820195.0898619826,2037910.6123364803,1217715.5224744976,0.40246862884806445
45,cruise,134.326,7620,18657.879,138.9,0.0,14.5,0.1278186917670228,0.86,19784.931002012603,14.65478188847379,24.292549631232138,0.0878502021203068,0.09761831226912958,11550,5000,0.37056150460687787,1860627.1576148737,5021102.123354071,126434.30576955198,131647.5486979925,132977.32191716414,139976.128333857,6321.715288477605,5213.242928440499,1329.7732191716425,6998.806416692856,819598.0951830033,2036540.9126466883,1216942.817463685,0.402446172376598
46,cruise,134.326,7620,18657.88,138.9,0.0,14.5,0.1278079942938919,0.86,19770.28645945308,14.644542559523844,24.272537754492006,0.08774455617688415,0.09760185807436957,11550,5000,0.3705497631287427,1859250.0032911308,5017544.708685075,126330.15088333405,131539.09921213458,132867.7769819541,139860.81787574117,6316.507544166708,5208.948328800525,1328.6777698195424,6993.040893787064,819001.5098381714,2035172.3592857698,1216170.8494475982,0.40242366013932823
47,cruise,134.326,7620,18657.879,138.9,0.0,14.5,0.12779729682076096,0.86,19755.652147388606,14.634312064472619,24.25254144813868,0.08763906319766172,0.09758534580000482,11550,5000,0.3705379729833618,1857873.8111882005,5013990.323932668,126226.07703558578,131430.73410619094,132758.31727898074,139745.5971357692,6311.303851779295,5204.657070605157,1327.5831727898087,6987.2798567884665,818405.3334769007,2033804.950860849,1215399.6173839485,0.4024010921649562
48,cruise,134.326,7620,18657.88,138.9,0.0,14.5,0.12778659934763006,0.86,19741.02805699758,14.624090391024254,24.23256069818214,0.08753372289589,0.09756877561320501,11550,5000,0.37052613422249703,1856498.580475934,5010438.965045111,126122.08415349398,131322.4533043461,132648.94273166274,139630.4660333292,6306.104207674704,5200.3691508521015,1326.4894273166285,6981.523301666466,817809.565749097,2032438.6859763938,1214629.1202272968,0.40237846848315484
49,cruise,134.326,7620,18657.879,138.9,0.0,14.5,0.12777590187449914,0.86,19726.414179470667,14.613877526913198,24.21259549065104,0.0874285349855663,0.09755214768068084,11550,5000,0.37051424689713824,1855124.3103253392,5006890.627988069,126018.17216434261,131214.25673088568,132539.6532635209,139515.42448791672,6300.908608217136,5196.084566543069,1325.39653263521,6975.771224395842,817214.2063051569,2031073.5632343544,1213859.3569291972,0.40235578912454345
50,cruise,134.326,7620,18657.88,138.9,0.0,14.5,0.12776520440136824,0.86,19711.81050601076,14.60367345990571,24.192645811592737,0.08732349918144873,0.09753546216868846,11550,5000,0.3705023110575906,1853750.9999085758,5003345.308743378,125914.340995513,131106.1443101968,132430.44879817858,139400.47241913536,6295.717049775656,5191.80331468379,1324.304487981787,6970.023620956774,816619.2547959677,2029709.581233718,1213090.3264377501,0.4023330541207783
51,cruise,134.326,7620,18657.879,138.9,0.0,14.5,0.1277545069282373,0.86,19697.217027832958,14.593478177802167,24.172711647073164,0.08721861519907821,0.09751871924303514,11550,5000,0.37049032675336796,1852378.6483989528,4999803.003310433,125810.59057448318,130998.11596676716,132321.32925936076,139285.60974669555,6290.529528724165,5187.525392283976,1323.2132925936087,6964.280487334784,816024.710872904,2028346.7385713642,1212322.0276984603,0.4023102635043843
52,cruise,134.326,7620,18657.88,138.9,0.0,14.5,0.1277438094551064,0.86,19682.63373616452,14.583291668435834,24.152792983176887,0.08711388275476437,0.09750191906907911,11550,5000,0.3704782940332379,1851007.254970927,4996263.707705536,125706.92082882812,130890.17162518547,132212.29457089442,139170.83639041518,6285.346041441412,5183.250796357341,1322.1229457089453,6958.541819520765,815430.574187829,2026985.0338410812,1211554.459653252,0.4022874173089529
53,cruise,134.326,7620,18657.88,138.9,0.0,14.5,0.12773311198197548,0.86,19668.060622244848,14.573113919673917,24.132889806006926,0.08700930156559443,0.09748506181173325,11550,5000,0.3704662129452185,1849636.8188000969,4992727.417961881,125603.33168621887,130782.31121014043,132103.34465670752,139056.15227021844,6280.166584310949,5178.979523921556,1321.0334465670762,6952.807613510929,814836.8443930905,2025624.4656346631,1210787.6212415728,0.40226451556892506
54,cruise,134.326,7620,18657.879,138.9,0.0,14.5,0.12772241450884458,0.86,19653.497677325428,14.5629449194198,24.113002101684845,0.08690487134945495,0.09746814763547063,11550,5000,0.37045408353646825,1848267.3390632023,4989194.130130989,125499.82307442294,130674.53464642122,131994.4794408295,138941.55730613632,6274.991153721153,5174.711571998276,1319.9447944082963,6947.077865306823,814243.5211415215,2024265.032540805,1210021.5113992835,0.40224155831981356
55,cruise,134.326,7620,18657.88,138.9,0.0,14.5,0.12771171703571366,0.86,19638.944892669817,14.552784655610571,24.093129856350583,0.08680059182500427,0.0974511767043226,11550,5000,0.3704419058534164,1846898.8149381191,4985663.840280899,125396.39492130355,130566.84185891665,131885.69884739057,138827.05141830587,6269.819746065184,5170.4469376130955,1318.8569884739068,6941.3525709153,813650.6040864381,2022906.733146446,1209256.129060008,0.40221854559793724
56,cruise,134.326,7620,18657.879,138.9,0.0,14.5,0.12770101956258276,0.86,19624.402259553597,14.542633116220754,24.073273056162503,0.08669646271170948,0.0974341491818868,11550,5000,0.37042967994161513,1845531.2456038573,4982136.544498105,125293.04715481974,130459.2327726153,131777.00280062153,138712.63452697004,6264.652357740993,5166.1856177955615,1317.7700280062165,6935.631726348508,813058.092881637,2021549.5660354048,1208491.4731537676,0.40219547744069384
57,cruise,134.326,7620,18657.88,138.9,0.0,14.5,0.12769032208945186,0.86,19609.869769264336,14.532490289260425,24.05343168729726,0.08659248372982528,0.09741706523132598,11550,5000,0.3704174058458495,1844164.6302405566,4978612.238886021,125189.77970302582,130351.70731260498,131668.39122485352,138598.30655247738,6259.488985151297,5161.927609579153,1316.6839122485364,6929.915327623876,812465.9871813965,2020193.5297894166,1207727.5426080204,0.40217235388635625
58,cruise,134.326,7620,18657.879,138.9,0.0,14.5,0.12767962461632093,0.86,19595.347413101557,14.522356162779117,24.033605735949806,0.0864886546004322,0.09739992501537675,11550,5000,0.37040508361001717,1842798.9680294835,4975090.919566546,125086.59249407129,130244.26540407256,131559.86404451774,138484.06741528184,6254.32962470357,5157.672910001269,1315.5986404451787,6924.2033707640985,811874.2866404724,2018838.6229879218,1206964.3363474493,0.4021491749741156
59,cruise,134.326,7620,18657.88,138.9,0.0,14.5,0.12766892714319003,0.86,19580.835182376697,14.512230724861533,24.01379518833331,0.08638497504539099,0.09738272869634426,11550,5000,0.3703927132771802,1841434.2581530279,4971572.58267931,124983.48545620049,130136.90697230371,131451.42118414518,138369.9170359423,6249.17427281003,5153.4215161032225,1314.5142118414528,6918.495851797121,811282.9909140983,2017484.844207731,1206201.8532936329,0.4021259407441498
60,cruise,134.326,7620,18657.879,138.9,0.0,14.5,0.1276582296700591,0.86,19566.333068413063,14.50211396363254,23.994000030679125,0.08628144478739211,0.0973654764361127,11550,5000,0.37038029488957597,1840070.4997946988,4968057.224381475,124880.45851775231,130029.63194268254,131343.0625683662,138255.85533512232,6244.022925887621,5149.173424930224,1313.4306256836633,6912.792766756123,810692.0996579832,2016132.1920234864,1205440.092365503,0.40210265123753314
61,cruise,134.326,7620,18657.88,138.9,0.0,14.5,0.1276475321969282,0.86,19551.84106254581,14.492005867255855,23.97422024923672,0.08617806354994037,0.0973481683961452,11550,5000,0.37036782848851707,1838707.6921391212,4964544.840849018,124777.51160716005,129922.44024069143,131234.78812191053,138141.88223359003,6238.875580358008,5144.928633531376,1312.3478812191065,6907.0941116795075,810101.6125283097,2014780.665007792,1204679.0524794823,0.40207930649621193
62,cruise,134.326,7620,18657.879,138.9,0.0,14.5,0.12763683472379728,0.86,19537.359156121875,14.481906423933806,23.95445583027361,0.08607483105735084,0.09733080473748548,11550,5000,0.37035531411448014,1837345.8343720334,4961035.428275489,124674.64465295091,129815.33179191056,131126.59776960663,138027.9976522175,6233.732232647551,5140.6871389596545,1311.2659776960675,6901.399882610882,809511.5291817337,2013430.2617306162,1203918.7325488825,0.4020559065631254
63,cruise,134.326,7620,18657.88,138.9,0.0,14.5,0.12762613725066638,0.86,19522.887340499965,14.47181562190959,23.934706760075347,0.08597174703477,0.09731338562076375,11550,5000,0.37034275180703813,1835984.9256802811,4957528.982872859,124571.85758374592,129708.30652201783,131018.49143638165,137914.2015119807,6228.592879187301,5136.448938271902,1310.1849143638176,6895.710075599041,808921.8492753813,2012080.9807599848,1203159.1314846035,0.40203245148206845
64,cruise,134.326,7620,18657.879,138.9,0.0,14.5,0.12761543977753545,0.86,19508.425607050496,14.461733449467566,23.914973024945425,0.08586881120817706,0.09729591120619936,11550,5000,0.37033014160485195,1834624.965251815,4954025.500871567,124469.15032825948,129601.3643567883,130910.4690472609,137800.49373395887,6223.457516412979,5132.214028528812,1309.1046904726102,6890.02468669795,808332.572466848,2010732.8206616696,1202400.2481948219,0.4020089412977557
65,cruise,134.326,7620,18657.88,138.9,0.0,14.5,0.12760474230440455,0.86,19493.973947155566,14.451659894931982,23.895254611205253,0.08576602330436908,0.09727838165360081,11550,5000,0.37031748354570326,1833265.9522756876,4950524.9785200395,124366.52281529928,129494.5052220942,130802.53052736788,137686.87423933463,6218.32614076497,5127.982406794927,1308.02530527368,6884.343711966738,807743.6984141967,2009385.7799993414,1201642.0815851446,0.40198537605579227
66,cruise,134.326,7620,18657.879,138.9,0.0,14.5,0.12759404483127362,0.86,19479.5323522089,14.44159494666859,23.875551505194064,0.08566338305097572,0.09726079712237048,11550,5000,0.3703047776664429,1831907.8859420484,4947027.412085309,124263.97497376578,129387.7290439044,130694.67580192364,137573.34294939332,6213.1987486882945,5123.754070138611,1306.9467580192377,6878.667147469672,807155.2267759572,2008039.8573347817,1200884.6305588244,0.4019617558026328
67,cruise,134.326,7620,18657.88,138.9,0.0,14.5,0.12758334735814272,0.86,19465.100813615813,14.431538593086257,23.855863693268894,0.08556089017647368,0.09724315777150984,11550,5000,0.3702920240030025,1830550.765442139,4943532.7978528,124161.50673265204,129281.03574828408,130586.90479624654,137459.8997855227,6208.075336632607,5119.529015632045,1305.8690479624665,6872.994989276141,806567.1572111215,2006695.0512274553,1200127.8940163339,0.4019380805856677
68,cruise,134.326,7620,18657.879,138.9,0.0,14.5,0.1275726498850118,0.86,19450.679322793178,14.421490822636398,23.836191161804496,0.08545854441017921,0.09722546375962036,11550,5000,0.37027922259039814,1829194.5899682918,4940041.132126233,124059.1180210434,129174.42526139462,130479.21743575214,137346.5446692128,6202.955901052175,5115.307240351222,1304.7921743575225,6867.327233460646,805979.489379146,2005351.360235036,1199371.87085589,0.40191435045312046
69,cruise,134.326,7620,18657.88,138.9,0.0,14.5,0.1275619524118809,0.86,19436.267871169366,14.411451623812166,23.816533897193306,0.08535634548223794,0.09720771524490442,11550,5000,0.3702663734626848,1827839.3587139237,4936552.411228161,123956.8087681172,129067.89750949312,130371.61364595265,137233.27752205543,6197.840438405866,5111.088741375924,1303.7161364595277,6861.663876102778,805392.222939947,2004008.7829131675,1198616.5599732203,0.40189056545409574
70,cruise,134.326,7620,18657.88,138.9,0.0,14.5,0.12755125493874997,0.86,19421.866450184214,14.40142098515069,23.796891885845362,0.08525429312364584,0.09718991238517141,11550,5000,0.37025347665297703,1826485.0708735327,4933066.631499642,123854.57890314236,128961.45241893207,130264.09335245664,137120.09826574384,6192.728945157123,5106.873515789705,1302.6409335245676,6856.004913287198,804805.3575539,2002667.3178156957,1197861.9602617957,0.40186672563853454
71,cruise,134.326,7620,18657.879,138.9,0.0,14.5,0.12754055746561907,0.86,19407.47505128898,14.39139889523401,23.77726511418826,0.0851523870662569,0.09717205533784153,11550,5000,0.370240532193456,1825131.7256426942,4929583.789300078,123752.4283554793,128855.0899161592,130156.65648096889,137007.00682207252,6187.62141777397,5102.6615606799005,1301.56656480969,6850.350341103632,804218.8928818371,2001326.9634945022,1197108.070612665,0.40184283105724833
72,descent,46.935,7376,3895.528,83.34,-5.199,16.0,0.0,0.8,19406.895924366665,0.5791269223152654,0.0,-0.0019710804479229366,0.06467800884830598,11550,5000,0.1110277985239917,1856.2764699682593,16719.024376288446,0.0,0.0,0.0,0.0,0.0,0.0,0.0,0.0,937.5133686708381,6695.152256421697,5757.638887750858,0.14002868534791219
73,descent,46.936,7132,3895.527,83.34,-5.199,16.0,0.0,0.8,19406.320682559402,0.5752418072616023,0.0,-0.0019799148051766607,0.06348100478173509,11550,5000,0.10568220083192767,1856.2210779259913,17564.178861850574,0.0,0.0,0.0,0.0,0.0,0.0,0.0,0.0,937.4853928919148,7034.2628737785535,6096.777480886638,0.13327414822476363
74,descent,46.936,6888,3895.528,83.34,-5.199,16.0,0.0,0.8,19405.74112512197,0.5795574374330971,0.0,-0.002006395228170777,0.06308145180912432,11550,5000,0.10144070046853357,1856.1660574851558,18298.040617936484,0.0,0.0,0.0,0.0,0.0,0.0,0.0,0.0,937.4576047904827,7328.782925847404,6391.325321056922,0.1279145001667637
75,descent,46.935,6644,3895.527,83.34,-5.199,16.0,0.0,0.8,19405.152610123012,0.5885149989580175,0.0,-0.002043078366405099,0.06311685768615237,11550,5000,0.09790337735667758,1856.110624265275,18958.5964690796,0.0,0.0,0.0,0.0,0.0,0.0,0.0,0.0,937.4296082147854,7593.884067015211,6656.454458800426,0.1234453410062716
76,descent,46.936,6400,3895.528,83.34,-5.199,16.0,0.0,0.8,19404.552330136212,0.6002799868000633,0.0,-0.002085936044935359,0.0633997382874688,11550,5000,0.09483553370228841,1856.054334276705,19571.296346613148,0.0,0.0,0.0,0.0,0.0,0.0,0.0,0.0,937.4011789276288,7839.767964126351,6902.366785198722,0.11957001574753763
77,descent,46.936,6156,3895.527,83.34,-5.199,16.0,0.0,0.8,19403.938680154166,0.6136499820441953,0.0,-0.002132184177066938,0.06380896100600059,11550,5000,0.09208213425126974,1855.9969189966796,20155.885113741126,0.0,0.0,0.0,0.0,0.0,0.0,0.0,0.0,937.3721813114544,8074.357372188104,7136.9851908766495,0.11609248118496791
78,descent,46.935,5912,3895.528,83.34,-5.199,16.0,0.0,0.8,19403.310570894926,0.6281092592385347,0.0,-0.0021805982764983673,0.0642920287756018,11550,5000,0.08952712273332443,1855.93822491006,20730.45763392136,0.0,0.0,0.0,0.0,0.0,0.0,0.0,0.0,937.3425378333636,8304.916087588625,7367.5735497552605,0.11286598539318003
79,descent,46.936,5668,3895.527,83.34,-5.199,16.0,0.0,0.8,19402.666780778858,0.6437901160664752,0.0,-0.002231375136682245,0.06485625342050236,11550,5000,0.08707175021713787,1855.8781478296733,21314.35446285988,0.0,0.0,0.0,0.0,0.0,0.0,0.0,0.0,937.3121958735724,8539.207785486242,7601.895589612669,0.10976570888305182
80,descent,46.936,5424,3895.528,83.34,-5.199,16.0,0.0,0.8,19402.006350728327,0.6604300505304125,0.0,-0.0022837780736262745,0.06547369936993137,11550,5000,0.084686474183492,1855.8165709145833,21913.96664942675,0.0,0.0,0.0,0.0,0.0,0.0,0.0,0.0,937.2810964215067,8779.800670347326,7842.519573925819,0.10675425691463088
81,descent,46.935,5180,3895.527,83.34,-5.199,16.0,0.0,0.8,19401.32882913569,0.6775215926339181,0.0,-0.002336687880631564,0.06609868531280914,11550,5000,0.08240088066653467,1855.753402431379,22521.038457602954,0.0,0.0,0.0,0.0,0.0,0.0,0.0,0.0,937.2491931471611,9023.384150146481,8086.13495699932,0.10386892296189632
82,descent,46.936,4936,3895.528,83.34,-5.199,16.0,0.0,0.8,19400.634056139803,0.6947729958877579,0.0,-0.0023895528907031094,0.06670713064814046,11550,5000,0.08023557621695421,1855.688599184854,23128.00239842656,0.0,0.0,0.0,0.0,0.0,0.0,0.0,0.0,937.2164642347748,9266.919009354453,8329.702545119679,0.1011357133140697
83,descent,46.936,4692,3895.527,83.34,-5.199,16.0,0.0,0.8,19399.921986730304,0.7120694094987327,0.0,-0.002442068490628958,0.06728959772006449,11550,5000,0.0781878049478694,1855.6221458846703,23732.884522361,0.0,0.0,0.0,0.0,0.0,0.0,0.0,0.0,937.1829019619547,9509.61326934314,8572.430367381185,0.09855110564624349
84,descent,46.935,4448,3895.528,83.34,-5.199,16.0,0.0,0.8,19399.19230200352,0.7296847267816722,0.0,-0.0024947019140893665,0.06786815780380918,11550,5000,0.0762208551752231,1855.5540382257896,24344.440034949504,0.0,0.0,0.0,0.0,0.0,0.0,0.0,0.0,937.1485041544391,9754.979638264407,8817.831134109969,0.0960687299108679
85,descent,46.936,4204,3895.527,83.34,-5.199,16.0,0.0,0.8,19398.44458076487,0.7477212386494357,0.0,-0.0025476487732762725,0.06845083929580947,11550,5000,0.07432163327532144,1855.484245705884,24965.60104959371,0.0,0.0,0.0,0.0,0.0,0.0,0.0,0.0,937.113255407012,10004.195421156428,9067.082165749416,0.09367202618066083
86,descent,46.935,3960,3895.528,83.34,-5.199,16.0,0.0,0.8,19397.678465762772,0.7661150020968566,0.0,-0.0026006222207028895,0.06903098561840719,11550,5000,0.0724882832482991,1855.4127280388493,25596.03628193782,0.0,0.0,0.0,0.0,0.0,0.0,0.0,0.0,937.0771353731562,10257.130666120342,9320.053530747186,0.09135860367542695
87,descent,46.936,3716,3895.528,83.34,-5.199,16.0,0.0,0.8,19396.893218331745,0.7852474310288824,0.0,-0.0026542729174463017,0.06963681376945834,11550,5000,0.07069036010957298,1855.3394510541111,26246.003672611914,0.0,0.0,0.0,0.0,0.0,0.0,0.0,0.0,937.0401267950057,10517.905260596239,9580.865133801233,0.08908999497318983
88,descent,46.936,3472,3895.527,83.34,-5.199,16.0,0.0,0.8,19396.088064725274,0.8051536064720634,0.0,-0.0027084278285427936,0.07026774846076812,11550,5000,0.0689200267244201,1855.2643441004911,26919.089157043585,0.0,0.0,0.0,0.0,0.0,0.0,0.0,0.0,937.002193990147,10787.961991912394,9850.959797922247,0.08685627504922676
89,descent,46.935,3228,3895.528,83.34,-5.199,16.0,0.0,0.8,19395.262455518146,0.8256092071285125,0.0,-0.002762598415418157,0.0709056870292151,11550,5000,0.06719926913855186,1855.1873331709066,27607.25461680052,0.0,0.0,0.0,0.0,0.0,0.0,0.0,0.0,936.963299581266,11064.077003011596,10127.11370343033,0.0846851752140037
90,descent,46.936,2984,3895.527,83.34,-5.199,16.0,0.0,0.8,19394.4158520519,0.846603466245935,0.0,-0.0028167510480978856,0.07154940620124596,11550,5000,0.06553656341078427,1855.1083657143172,28306.463890797368,0.0,0.0,0.0,0.0,0.0,0.0,0.0,0.0,936.923417027433,11344.63122886879,10407.707811841357,0.08258738412256497
91,descent,46.936,2740,3895.528,83.34,-5.199,16.0,0.0,0.8,19393.547507736363,0.868344315539387,0.0,-0.0028709384656668883,0.07221071035157904,11550,5000,0.06391231176890357,1855.027390209143,29024.570366295273,0.0,0.0,0.0,0.0,0.0,0.0,0.0,0.0,936.8825203076481,11632.778038391658,10695.89551808401,0.08053815840168657
92,descent,46.935,2496,3895.527,83.34,-5.199,16.0,0.0,0.8,19392.656395396338,0.8911123400259067,0.0,-0.0029253282833944616,0.07290577287677072,11550,5000,0.062305531674684916,1854.9443352462258,29771.74394292024,0.0,0.0,0.0,0.0,0.0,0.0,0.0,0.0,936.8405733566797,11932.60072626331,10995.76015290663,0.07851101321899764
93,descent,46.936,2252,3895.528,83.34,-5.199,16.0,0.0,0.8,19391.74145835573,0.9149370406101712,0.0,-0.002979819259927416,0.0736340899682575,11550,5000,0.06072274330613679,1854.8591025787173,30546.36535815503,0.0,0.0,0.0,0.0,0.0,0.0,0.0,0.0,936.7975265549077,12243.447977389618,11306.650450834712,0.07651419177709766
94,descent,46.936,2008,3895.527,83.34,-5.199,16.0,0.0,0.8,19390.801898465474,0.9395598902571112,0.0,-0.0030337439815673107,0.07437521123215574,11550,5000,0.05918676998740989,1854.7715911380947,31337.60452771183,0.0,0.0,0.0,0.0,0.0,0.0,0.0,0.0,936.7533288576236,12560.966209683786,11624.212880826162,0.07457653441782532
95,descent,46.935,1764,3895.528,83.34,-5.199,16.0,0.0,0.8,19389.837078021792,0.964820443682933,0.0,-0.0030867184898942905,0.07511715874275068,11550,5000,0.057718655817799135,1854.6817245836137,32133.141326754037,0.0,0.0,0.0,0.0,0.0,0.0,0.0,0.0,936.7079417088958,12880.199284254433,11943.491342545538,0.07272464664844018
96,descent,46.936,1520,3895.527,83.34,-5.199,16.0,0.0,0.8,19388.846241235922,0.990836785870846,0.0,-0.0031387981856997454,0.07586657927614204,11550,5000,0.056328524532420106,1854.589441920165,32924.5166159598,0.0,0.0,0.0,0.0,0.0,0.0,0.0,0.0,936.6613343031137,13197.738856696522,12261.077522393409,0.07097134929502355
97,descent,46.936,1276,3895.528,83.34,-5.199,16.0,0.0,0.8,19387.82841345168,1.0178277842409789,0.0,-0.0031897888115155577,0.07663321771220984,11550,5000,0.05501974777276292,1854.494670858723,33705.98277763781,0.0,0.0,0.0,0.0,0.0,0.0,0.0,0.0,936.6134701306682,13511.260213742302,12574.646743611633,0.06932095565578988
98,descent,46.935,1032,3895.527,83.34,-5.199,16.0,0.0,0.8,19386.782501361067,1.0459120906133628,0.0,-0.003239457287881848,0.07742094207410508,11550,5000,0.05381765542789239,1854.397318175761,34457.0439464866,0.0,0.0,0.0,0.0,0.0,0.0,0.0,0.0,936.5643021089702,13812.507040226435,12875.942738117465,0.06780552577322825
99,descent,46.936,788,3895.528,83.34,-5.199,16.0,0.0,0.8,19385.707168368288,1.0753329927791517,0.0,-0.003287743266718765,0.07824105560079327,11550,5000,0.05277384805460581,1854.297279299004,35136.66991613607,0.0,0.0,0.0,0.0,0.0,0.0,0.0,0.0,936.5137774237394,14084.964959108633,13148.451181684894,0.06649031645748636
100,descent,46.936,544,3895.527,83.34,-5.199,16.0,0.0,0.8,19384.60020335814,1.1069650101474924,0.0,-0.0033344059062299634,0.07913490532707286,11550,5000,0.051951836270872166,1854.1944263865007,35690.642708352,0.0,0.0,0.0,0.0,0.0,0.0,0.0,0.0,936.4618315083337,14306.814820166579,13370.352988658246,0.06545564776502993
101,descent,46.935,300,3895.528,83.34,-5.199,16.0,0.0,0.8,19383.45709975168,1.1431036064611027,0.0,-0.0033792916953845516,0.08021340752531479,11550,5000,0.05142336207806458,1854.0885479508433,36055.37392005205,0.0,0.0,0.0,0.0,0.0,0.0,0.0,0.0,936.408357550931,14452.467877736017,13516.059520185087,0.06479228083900226
102,final,10.714,270,0.0,53.502,-2.8,7.5,0.0,0.8,19382.483273036203,0.9738267154764502,0.0,0.004135620522406113,0.02010061744340786,11550,5000,0.2102745065183964,824041.468434217,3918884.3292428493,0.0,0.0,0.0,0.0,0.0,0.0,0.0,0.0,416182.5598152611,1701989.5603941716,1285807.0005789106,0.24452709317375335
103,final,10.714,240,0.0,53.502,-2.8,7.5,0.0,0.8,19381.5080935194,0.975179516806656,0.0,0.004152671373379503,0.020042824776294946,11550,5000,0.2099666575143518,824000.0685130112,3924432.9469629647,0.0,0.0,0.0,0.0,0.0,0.0,0.0,0.0,416161.65076414705,1704661.3258577061,1288499.675093559,0.2441315729121466
104,final,10.714,210,0.0,53.502,-2.8,7.5,0.0,0.8,19380.531561697047,0.9765318223499055,0.0,0.004169750568082881,0.01998509113813171,11550,5000,0.20965702821802742,823958.6110806825,3930030.9561949335,0.0,0.0,0.0,0.0,0.0,0.0,0.0,0.0,416140.71266701136,1707368.9586404597,1291228.2459734485,0.24373215324142652
105,final,10.714,180,0.0,53.502,-2.8,7.5,0.0,0.8,19379.553678643402,0.9778830536464849,0.0,0.004186849867604223,0.019927444076784793,11550,5000,0.20934526680960272,823917.0961583069,3935685.3332043597,0.0,0.0,0.0,0.0,0.0,0.0,0.0,0.0,416119.7455344985,1710117.4818592817,1293997.7363247834,0.24332816309326472
106,final,10.714,150,0.0,53.502,-2.8,7.5,0.0,0.8,19378.57444603538,0.9792326080222713,0.0,0.0042039606258587525,0.019869912400242128,11550,5000,0.20903099559580451,823875.5237915546,3941403.6250616736,0.0,0.0,0.0,0.0,0.0,0.0,0.0,0.0,416098.74938967405,1712912.2372215793,1296813.4878319053,0.24291889587093204
107,final,10.714,120,0.0,53.502,-2.8,7.5,0.0,0.8,19377.5938661655,0.9805798698825156,0.0,0.004221073947380509,0.019812525645400987,11550,5000,0.20871381480807444,823833.894051715,3947193.8875214485,0.0,0.0,0.0,0.0,0.0,0.0,0.0,0.0,416077.72426854295,1715758.8251988168,1299681.100930274,0.24250361889896102
108,final,10.714,90,0.0,53.502,-2.8,7.5,0.0,0.8,19376.61194194235,0.9819242231512977,0.0,0.004238180863388189,0.0197553134885454,11550,5000,0.20839330705033504,823792.2070362493,3953064.6098786257,0.0,0.0,0.0,0.0,0.0,0.0,0.0,0.0,416056.670220328,1718663.0365679958,1302606.366347668,0.24208158398004123
109,final,10.714,60,0.0,53.502,-2.8,7.5,0.0,0.8,19375.62867687791,0.9832650644384376,0.0,0.004255272520354176,0.019698305117077684,11550,5000,0.20806904225317682,823750.4628688097,3959024.6292693387,0.0,0.0,0.0,0.0,0.0,0.0,0.0,0.0,416035.58730747964,1721630.7776469782,1305595.1903394985,0.24165203870024451
110,final,10.714,30,0.0,53.502,-2.8,7.5,0.0,0.8,19374.644075061427,0.9846018164829556,0.0,0.004272340374736835,0.019641528583859966,11550,5000,0.20774058297866677,823708.661698699,3965083.0371612418,0.0,0.0,0.0,0.0,0.0,0.0,0.0,0.0,416014.47560540354,1724667.9917620127,1308653.5161566092,0.2412142380983026
111,final,10.714,0,0.0,53.502,-2.8,7.5,0.0,0.8,19373.65814112001,0.9859339414162471,0.0,0.004289376387344517,0.019585010166043866,11550,5000,0.2074074899151624,823666.8036997617,3971249.080911557,0.0,0.0,0.0,0.0,0.0,0.0,0.0,0.0,415993.33520189987,1727780.5795548444,1311787.2443529444,0.24076745631038338
112,climboutToAlternate,3.639,30,0.0,63.222,8.245,10.5,0.0,0.8,19372.85305804115,0.8050830788590179,0.0,0.00883139664562295,0.0016952524476770232,11550,5000,0.2841303918961876,2711360.145872401,9542661.479392348,0.0,0.0,0.0,0.0,0.0,0.0,0.0,0.0,1369373.8110466672,3966370.353320645,2596996.5422739782,0.3452460786724637
113,climboutToAlternate,3.638,60,0.0,63.222,8.245,10.5,0.0,0.8,19372.048774913048,0.8042831281033489,0.0,0.008815003098520536,0.001696894895112683,11550,5000,0.2843266047909502,2711247.4738019933,9535679.841833392,0.0,0.0,0.0,0.0,0.0,0.0,0.0,0.0,1369316.9059606027,3962804.3486975427,2593487.44273694,0.3455423950997371
114,climboutToAlternate,3.639,90,0.0,63.222,8.246,10.5,0.0,0.8,19371.244802889345,0.8039720237043443,0.0,0.00880439605463896,0.0016992983171029306,11550,5000,0.2845252664522305,2711324.9534838656,9529294.137183685,0.0,0.0,0.0,0.0,0.0,0.0,0.0,0.0,1369356.0371130635,3959476.5530223255,2590120.515909262,0.3458426937944144
115,climboutToAlternate,3.638,120,0.0,63.222,8.246,10.5,0.0,0.8,19370.441632528902,0.8031703604446091,0.0,0.008787993516696917,0.0017009538793479933,11550,5000,0.28472043012432846,2711212.429019618,9522367.00343462,0.0,0.0,0.0,0.0,0.0,0.0,0.0,0.0,1369299.2065755646,3955940.489518994,2586641.282943429,0.34613746344350566
116,climboutToAlternate,3.638,150,0.0,63.222,8.247,10.5,0.0,0.8,19369.63899505202,0.8026374768820911,0.0,0.008774972318094819,0.0017028998880987381,11550,5000,0.28491812934608796,2711290.0407891134,9516032.01597512,0.0,0.0,0.0,0.0,0.0,0.0,0.0,0.0,1369338.4044389462,3952642.147097891,2583303.7426589453,0.34643621999637425
117,climboutToAlternate,3.638,180,0.0,63.222,8.234,10.5,0.0,0.8,19368.83756167285,0.8014333791691878,0.0,0.008748656741571142,0.0017073724363527902,11550,5000,0.28507384684294856,2708707.485174023,9501774.768789262,0.0,0.0,0.0,0.0,0.0,0.0,0.0,0.0,1368034.0834212238,3946233.6237770137,2578199.54035579,0.3466682953534446
118,climboutToAlternate,3.643,210,0.0,63.222,8.215,10.5,0.0,0.8,19368.036519784662,0.8010418881910444,0.0,0.008728690696884086,0.001715274853084903,11550,5000,0.285211605065209,2704985.2527317866,9484134.602844564,0.0,0.0,0.0,0.0,0.0,0.0,0.0,0.0,1366154.1680463569,3938499.4968120027,2572345.3287656456,0.34687173862842513
119,climboutToAlternate,3.652,240,0.0,63.222,8.196,10.5,0.0,0.8,19367.234994238326,0.8015255463376476,0.0,0.00871827523818536,0.0017250732522277599,11550,5000,0.285349346617482,2701263.373649199,9466513.26056937,0.0,0.0,0.0,0.0,0.0,0.0,0.0,0.0,1364274.4311359592,3930778.635299079,2566504.2041631197,0.34707485659063486
120,climboutToAlternate,3.661,270,0.0,63.222,8.177,10.5,0.0,0.8,19366.432990821097,0.8020034172311007,0.0,0.008707796266762099,0.0017348894206419517,11550,5000,0.2854871480548158,2697541.725813271,9448907.750114627,0.0,0.0,0.0,0.0,0.0,0.0,0.0,0.0,1362394.8110168036,3923070.9668737478,2560676.155856944,0.3472776359440882
121,climboutToAlternate,3.669,300,0.0,63.222,8.158,10.5,0.0,0.8,19365.63073376455,0.8022570565485934,0.0,0.008694888427896423,0.001744247129673119,11550,5000,0.2856250664900527,2693820.310299441,9431316.177543042,0.0,0.0,0.0,0.0,0.0,0.0,0.0,0.0,1360515.308232041,3915376.5486083506,2554861.2403763095,0.3474800677129283
122,climbToAlternate,15.084,435,1241.818,83.34,8.864,16.0,0.0,0.8,19362.38488278237,3.245850982177974,0.0,0.03482089397980282,0.007267919081900003,11550,5000,0.2882595791502525,2673496.53990322,9274614.73365187,0.0,0.0,0.0,0.0,0.0,0.0,0.0,0.0,1350250.777728899,3847187.677022354,2496936.8992934553,0.3509708626364612
123,climbToAlternate,15.23,570,1254.105,83.34,8.778,16.0,0.0,0.8,19359.13531302183,3.249569760540323,0.0,0.03457776039606514,0.0074399032874068825,11550,5000,0.2888825439583358,2656713.168608305,9196516.7995456,0.0,0.0,0.0,0.0,0.0,0.0,0.0,0.0,1341774.327579952,3813153.311595795,2471378.9840158434,0.35188050884280414
124,climbToAlternate,15.378,705,1266.631,83.34,8.693,16.0,0.0,0.8,19355.881746699262,3.2535663225698066,0.0,0.034340556752182796,0.0076131090718432074,11550,5000,0.2895031884869028,2640124.68010383,9119501.218285441,0.0,0.0,0.0,0.0,0.0,0.0,0.0,0.0,1333396.3030827425,3779562.079971026,2446165.7768882834,0.352791216249308
125,climbToAlternate,15.53,840,1279.402,83.34,8.607,16.0,0.0,0.8,19352.62388676965,3.2578599296125943,0.0,0.034106020356151526,0.007789961616036843,11550,5000,0.29011591425583594,2623351.188003631,9042424.283178942,0.0,0.0,0.0,0.0,0.0,0.0,0.0,0.0,1324924.8424260763,3745969.239559138,2421044.3971330617,0.35369346561479137
126,climbToAlternate,15.685,975,1292.428,83.34,8.522,16.0,0.0,0.8,19349.3612438056,3.2626429640484487,0.0,0.03387962270350377,0.007968547757651677,11550,5000,0.2907258994284898,2606772.4566503037,8966426.664341595,0.0,0.0,0.0,0.0,0.0,0.0,0.0,0.0,1316551.7457829816,3712836.533830955,2396284.788047973,0.35459458928145854
127,climbToAlternate,15.842,1110,1305.715,83.34,8.436,16.0,0.0,0.8,19346.093938451,3.2673053546032307,0.0,0.033651633624265265,0.008149752499333435,11550,5000,0.29132594830464015,2590008.7009161958,8890415.412662858,0.0,0.0,0.0,0.0,0.0,0.0,0.0,0.0,1308085.2024829271,3679728.7200300833,2371643.517547156,0.3554841408179223
128,climbToAlternate,16.003,1245,1319.271,83.34,8.35,16.0,0.0,0.8,19342.821472445994,3.272466005005622,0.0,0.03343022399781278,0.008333889313443364,11550,5000,0.291917599351125,2573249.83015401,8814986.954790786,0.0,0.0,0.0,0.0,0.0,0.0,0.0,0.0,1299621.126340409,3646851.6154652326,2347230.489124824,0.35636797527738595
129,climbToAlternate,16.168,1380,1333.106,83.34,8.264,16.0,0.0,0.8,19339.543371662854,3.2781007831393283,0.0,0.03321494748866985,0.008521045659487036,11550,5000,0.29250114456675796,2556495.790310317,8740122.347544676,0.0,0.0,0.0,0.0,0.0,0.0,0.0,0.0,1291159.4900557157,3614175.1237759767,2323015.633720261,0.35724873472836943
130,climbToAlternate,16.335,1515,1347.226,83.34,8.179,16.0,0.0,0.8,19336.259387027298,3.28398463555516,0.0,0.033004977068056045,0.008709590268194935,11550,5000,0.2930805902866362,2539936.253102738,8666340.717475187,0.0,0.0,0.0,0.0,0.0,0.0,0.0,0.0,1282796.0874256252,3581907.0376477693,2299110.950222144,0.3581321552856477
131,climbToAlternate,16.506,1650,1361.643,83.34,8.093,16.0,0.0,0.8,19332.969320027776,3.290066999520292,0.0,0.032796135824249124,0.008902065050652823,11550,5000,0.2936509858476607,2523191.7262366395,8592485.11954805,0.0,0.0,0.0,0.0,0.0,0.0,0.0,0.0,1274339.2556750705,3549614.674974258,2275275.4192991876,0.35900777193071304
132,climbToAlternate,16.681,1785,1376.364,83.34,8.007,16.0,0.0,0.8,19329.672765795058,3.2965542327177517,0.0,0.032592226632877995,0.00909779403930685,11550,5000,0.29421347649407187,2506451.951946251,8519160.922925139,0.0,0.0,0.0,0.0,0.0,0.0,0.0,0.0,1265884.8242152783,3517538.1468796614,2251653.322664383,0.359878065668803
133,climbToAlternate,16.86,1920,1391.401,83.34,7.921,16.0,0.0,0.8,19326.369313465566,3.3034523294916878,0.0,0.032393375910169116,0.009296763530312543,11550,5000,0.2947659135586963,2489716.8934776043,8446420.630592454,0.0,0.0,0.0,0.0,0.0,0.0,0.0,0.0,1257432.7744836386,3485675.25726864,2228242.482785002,0.36074294983777616
134,climbToAlternate,17.042,2055,1406.763,83.34,7.836,16.0,0.0,0.8,19323.05852481904,3.3107886465243124,0.0,0.03220159026469377,0.009497754049567247,11550,5000,0.2953100045401266,2473176.106358952,8374847.002594176,0.0,0.0,0.0,0.0,0.0,0.0,0.0,0.0,1249078.8415954302,3454225.038112016,2205146.1965165855,0.3616089941488416
135,climbToAlternate,17.229,2190,1422.46,83.34,7.75,16.0,0.0,0.8,19319.740049636748,3.3184751822916816,0.0,0.03201228020981918,0.009703342918895585,11550,5000,0.29584217992286155,2456450.3364998726,8303245.79524249,0.0,0.0,0.0,0.0,0.0,0.0,0.0,0.0,1240631.4830807438,3422723.6322280946,2182092.149147351,0.3624690791272354
136,climbToAlternate,17.42,2325,1438.506,83.34,7.664,16.0,0.0,0.8,19316.413553060673,3.326496576075041,0.0,0.03182675430681223,0.009912425108324296,11550,5000,0.29636746577840145,2439729.1823320617,8232108.662548963,0.0,0.0,0.0,0.0,0.0,0.0,0.0,0.0,1232186.4557232636,3391394.3230557633,2159207.8673324995,0.36332739231957584
137,climbToAlternate,17.615,2460,1454.91,83.34,7.578,16.0,0.0,0.8,19313.07874065835,3.334812402320444,0.0,0.031644355587924396,0.010125121606205299,11550,5000,0.2968879254709917,2423012.621306062,8161371.391113748,0.0,0.0,0.0,0.0,0.0,0.0,0.0,0.0,1223743.7481343749,3360252.5701036486,2136508.821969274,0.3641820734018895
138,climbToAlternate,17.815,2595,1471.686,83.34,7.492,16.0,0.0,0.8,19309.735152205012,3.34358845334095,0.0,0.03146652633569126,0.010342075809938536,11550,5000,0.29740380718682735,2406300.6370392363,8091021.630828055,0.0,0.0,0.0,0.0,0.0,0.0,0.0,0.0,1215303.3520400184,3329308.83727528,2114005.4852352617,0.36503172623499464
139,climbToAlternate,18.018,2730,1488.846,83.34,7.406,16.0,0.0,0.8,19306.382706604953,3.352445600060549,0.0,0.031289719605007926,0.010562138616594146,11550,5000,0.2979135748324164,2389593.1936256387,8021095.362874427,0.0,0.0,0.0,0.0,0.0,0.0,0.0,0.0,1206865.249305878,3298560.992827687,2091695.7435218086,0.3658762872446674
140,climbToAlternate,18.228,2865,1506.403,83.34,7.321,16.0,0.0,0.8,19303.020336239264,3.3623703656897166,0.0,0.031124954439028633,0.010787003646964444,11550,5000,0.29841785983721225,2373079.6989243985,7952204.000856115,0.0,0.0,0.0,0.0,0.0,0.0,0.0,0.0,1198525.100466868,3268223.1783011877,2069698.0778343198,0.3667207026815891
141,climbToAlternate,18.441,3000,1524.373,83.34,7.235,16.0,0.0,0.8,19299.648224669338,3.3721115699253157,0.0,0.030956866519300793,0.011015715687457447,11550,5000,0.2989127862079912,2356381.220822049,7883173.05095948,0.0,0.0,0.0,0.0,0.0,0.0,0.0,0.0,1190091.5256677014,3237847.6870574458,2047756.1613897446,0.36755636481135895
142,cruiseToAlternate,37.801,3000,5250.565,138.9,0.0,14.5,0.0,0.8,19294.307719694305,5.3405049750319735,0.0,0.04084512260329778,0.024080074941459143,11550,5000,0.2978606420700553,1813646.508121963,6088909.55017616,0.0,0.0,0.0,0.0,0.0,0.0,0.0,0.0,915983.0849100823,2529604.5039229575,1613621.4190128753,0.36210525538263344
143,cruiseToAlternate,37.801,3000,5250.564,138.9,0.0,14.5,0.0,0.8,19288.96846794642,5.339251747887308,0.0,0.04082831695546077,0.024080278897916325,11550,5000,0.2978482201503426,1813144.6446637888,6087478.527649355,0.0,0.0,0.0,0.0,0.0,0.0,0.0,0.0,915729.6185170651,2529039.619827223,1613310.0013101578,0.3620859125092019
144,cruiseToAlternate,37.801,3000,5250.565,138.9,0.0,14.5,0.0,0.8,19283.63046914233,5.337998804090988,0.0,0.040811518495848104,0.024080480060767885,11550,5000,0.297835796076427,1812642.8989751728,6086047.825191685,0.0,0.0,0.0,0.0,0.0,0.0,0.0,0.0,915476.2116036227,2528474.8623260525,1612998.6507224299,0.36206656638913026
145,cruiseToAlternate,37.801,3000,5250.565,138.9,0.0,14.5,0.0,0.8,19278.29372299884,5.336746143488291,0.0,0.040794727220087305,0.02408067843190195,11550,5000,0.29782336985321267,1812141.271029487,6084617.442622557,0.0,0.0,0.0,0.0,0.0,0.0,0.0,0.0,915222.8641563066,2527910.2312933775,1612687.3671370707,0.36204721703588455
146,cruiseToAlternate,37.801,3000,5250.565,138.9,0.0,14.5,0.0,0.8,19272.95822923291,5.335493765926347,0.0,0.04077794312383296,0.024080874013204582,11550,5000,0.2978109414854936,1811639.760800119,6083187.3797637625,0.0,0.0,0.0,0.0,0.0,0.0,0.0,0.0,914969.5761616763,2527345.7266033925,1612376.1504417162,0.36202786446290547
147,cruiseToAlternate,37.801,3000,5250.564,138.9,0.0,14.5,0.0,0.8,19267.623987561656,5.334241671253999,0.0,0.04076116620276483,0.02408106680655982,11550,5000,0.2977985109779508,1811138.3682604712,6081757.636439522,0.0,0.0,0.0,0.0,0.0,0.0,0.0,0.0,914716.3476062985,2526781.3481307644,1612065.000524466,0.3620085086835779
148,cruiseToAlternate,37.801,3000,5250.565,138.9,0.0,14.5,0.0,0.8,19262.290997702334,5.332989859322112,0.0,0.04074439645259179,0.024081256813849646,11550,5000,0.2977860783351656,1810637.093383959,6080328.2124762125,0.0,0.0,0.0,0.0,0.0,0.0,0.0,0.0,914463.178476747,2526217.095750667,1611753.91727392,0.3619891497112261
149,cruiseToAlternate,37.801,3000,5250.565,138.9,0.0,14.5,0.0,0.8,19256.95925937235,5.331738329983376,0.0,0.04072763386904945,0.024081444036954055,11550,5000,0.2977736435616056,1810135.9361440127,6078899.107702655,0.0,0.0,0.0,0.0,0.0,0.0,0.0,0.0,914210.0687596024,2525652.969338632,1611442.90057903,0.36196978755913467
150,cruiseToAlternate,37.801,3000,5250.565,138.9,0.0,14.5,0.0,0.8,19251.62877228926,5.330487083092437,0.0,0.0407108784479015,0.024081628477751037,11550,5000,0.2977612066616239,1809634.896514076,6077470.321950121,0.0,0.0,0.0,0.0,0.0,0.0,0.0,0.0,913957.0184414525,2525088.9687707676,1611131.950329315,0.3619504222405176
151,cruiseToAlternate,37.801,3000,5250.565,138.9,0.0,14.5,0.0,0.8,19246.299536170754,5.329236118505652,0.0,0.040694130184936846,0.02408181013811666,11550,5000,0.2977487676394769,1809133.9744676067,6076041.855051976,0.0,0.0,0.0,0.0,0.0,0.0,0.0,0.0,913704.0275088924,2524525.0939233657,1610821.0664144733,0.36193105376857415
152,cruiseToAlternate,37.801,3000,5250.564,138.9,0.0,14.5,0.0,0.8,19240.971550734674,5.327985436081399,0.0,0.04067738907597336,0.024081989019924994,11550,5000,0.29773632649931275,1808633.1699780757,6074613.706843899,0.0,0.0,0.0,0.0,0.0,0.0,0.0,0.0,913451.095948523,2523961.3446733486,1610510.2487248257,0.3619116821564246
153,cruiseToAlternate,37.801,3000,5250.565,138.9,0.0,14.5,0.0,0.8,19235.644815698994,5.326735035679962,0.0,0.04066065511685656,0.02408216512504822,11550,5000,0.2977238832451649,1808132.4830189673,6073185.877164028,0.0,0.0,0.0,0.0,0.0,0.0,0.0,0.0,913198.2237469532,2523397.7208980117,1610199.4971510584,0.36189230741714773
154,cruiseToAlternate,37.801,3000,5250.565,138.9,0.0,14.5,0.0,0.8,19230.31933078183,5.325484917163303,0.0,0.040643928303456346,0.024082338455356633,11550,5000,0.29771143788096344,1807631.9135637786,6071758.365852708,0.0,0.0,0.0,0.0,0.0,0.0,0.0,0.0,912945.4108907973,2522834.2224750933,1609888.8115842962,0.36187292956376976
155,cruiseToAlternate,37.801,3000,5250.565,138.9,0.0,14.5,0.0,0.8,19224.995095701433,5.324235080395472,0.0,0.04062720863167263,0.02408250901271862,11550,5000,0.2976989904105187,1807131.461586021,6070331.172752841,0.0,0.0,0.0,0.0,0.0,0.0,0.0,0.0,912692.6573666772,2522270.8492828337,1609578.1919161566,0.3618535486092568
156,cruiseToAlternate,37.802,3000,5250.564,138.9,0.0,14.5,0.0,0.8,19219.671969360195,5.323126341239843,0.0,0.04061157042075768,0.02408331388999831,11550,5000,0.2976865408375412,1806631.1270592161,6068904.2977094585,0.0,0.0,0.0,0.0,0.0,0.0,0.0,0.0,912439.9631612203,2521707.601199821,1609267.638038601,0.3618341645665358
157,cruiseToAlternate,37.801,3000,5250.565,138.9,0.0,14.5,0.0,0.8,19214.35023314167,5.321736218522584,0.0,0.04059379025479594,0.024082841820396994,11550,5000,0.2976740888361578,1806130.8967239952,6067477.702831247,0.0,0.0,0.0,0.0,0.0,0.0,0.0,0.0,912187.3215777754,2521144.4632080137,1608957.1416302382,0.36181477693549885
158,cruiseToAlternate,37.801,3000,5250.565,138.9,0.0,14.5,0.0,0.8,19209.02974591546,5.320487226211194,0.0,0.04057709198371283,0.024083004070038466,11550,5000,0.29766163506875504,1805630.7970228237,6066051.4634536365,0.0,0.0,0.0,0.0,0.0,0.0,0.0,0.0,911934.7459711231,2520581.464984518,1608646.719013395,0.3617953867548274
159,cruiseToAlternate,37.801,3000,5250.565,138.9,0.0,14.5,0.0,0.8,19203.710507400338,5.319238515123148,0.0,0.04056040083811016,0.02408316355418882,11550,5000,0.2976491792092688,1805130.81469325,6064625.541682119,0.0,0.0,0.0,0.0,0.0,0.0,0.0,0.0,911682.2296430556,2520018.5915087974,1608336.361865742,0.36177599352440054
160,cruiseToAlternate,37.801,3000,5250.565,138.9,0.0,14.5,0.0,0.8,19198.392517315206,5.31799008513189,0.0,0.040543716814023106,0.02408332027470738,11550,5000,0.2976367212609936,1804630.949708846,6063199.9373705955,0.0,0.0,0.0,0.0,0.0,0.0,0.0,0.0,911429.7725802253,2519455.8426612457,1608026.0700810202,0.3617565972569307
161,cruiseToAlternate,37.801,3000,5250.564,138.9,0.0,14.5,0.0,0.8,19193.075775379093,5.316741936112622,0.0,0.040527039907512184,0.02408347423345171,11550,5000,0.2976242612270823,1804131.2020431971,6061774.65037595,0.0,0.0,0.0,0.0,0.0,0.0,0.0,0.0,911177.3747692915,2518893.21832285,1607715.8435535582,0.3617371979650567
162,cruiseToAlternate,37.801,3000,5250.565,138.9,0.0,14.5,0.0,0.8,19187.76028131115,5.315494067942343,0.0,0.04051037011466376,0.02408362543227768,11550,5000,0.29761179911058305,1803631.5716698987,6060349.680557278,0.0,0.0,0.0,0.0,0.0,0.0,0.0,0.0,910925.0361969186,2518330.718374809,1607405.68217789,0.36171779566139717
163,cruiseToAlternate,37.801,3000,5250.565,138.9,0.0,14.5,0.0,0.8,19182.446034830653,5.314246480500146,0.0,0.040493707431594056,0.02408377387303941,11550,5000,0.29759933491443097,1803132.0585625593,6058925.027776072,0.0,0.0,0.0,0.0,0.0,0.0,0.0,0.0,910672.7568497774,2517768.342698877,1607095.5858491,0.3616983903585021
164,cruiseToAlternate,37.801,3000,5250.565,138.9,0.0,14.5,0.0,0.8,19177.133035656985,5.312999173666812,0.0,0.04047705185444358,0.024083919557589355,11550,5000,0.2975868686414663,1802632.6626947976,6057500.691895837,0.0,0.0,0.0,0.0,0.0,0.0,0.0,0.0,910420.5367145443,2517206.0911773224,1606785.554462778,0.36167898206885857
165,cruiseToAlternate,37.801,3000,5250.564,138.9,0.0,14.5,0.0,0.8,19171.82128350966,5.311752147324959,0.0,0.04046040337937915,0.02408406248777832,11550,5000,0.29757440029439275,1802133.3840402435,6056076.672782936,0.0,0.0,0.0,0.0,0.0,0.0,0.0,0.0,910168.3757779008,2516643.963692802,1606475.587914901,0.36165957080490785
166,cruiseToAlternate,37.801,3000,5250.565,138.9,0.0,14.5,0.0,0.8,19166.510778108302,5.310505401359324,0.0,0.040443762002597715,0.024084202665455415,11550,5000,0.29756192987582447,1801634.222572539,6054652.970305639,0.0,0.0,0.0,0.0,0.0,0.0,0.0,0.0,909916.2740265349,2516081.960128379,1606165.6861018443,0.36164015657904397
167,cruiseToAlternate,37.801,3000,5250.565,138.9,0.0,14.5,0.0,0.8,19161.201519172646,5.309258935656297,0.0,0.040427127720319936,0.024084340092468175,11550,5000,0.2975494573882505,1801135.1782653367,6053229.584334839,0.0,0.0,0.0,0.0,0.0,0.0,0.0,0.0,909664.2314471398,2515520.0803676723,1605855.8489205327,0.3616207394035916
168,cruiseToAlternate,37.801,3000,5250.565,138.9,0.0,14.5,0.0,0.8,19155.89350642254,5.308012750104082,0.0,0.04041050052879249,0.024084474770662515,11550,5000,0.2975369828340654,1800636.2510922982,6051806.51474342,0.0,0.0,0.0,0.0,0.0,0.0,0.0,0.0,909412.2480264133,2514958.3242947143,1605546.0762683009,0.36160131929082584
169,cruiseToAlternate,37.801,3000,5250.564,138.9,0.0,14.5,0.0,0.8,19150.586739577946,5.306766844592995,0.0,0.0403938804242919,0.024084606701882748,11550,5000,0.2975245062155503,1800137.4410270974,6050383.761406649,0.0,0.0,0.0,0.0,0.0,0.0,0.0,0.0,909160.3237510594,2514396.691793932,1605236.3680428728,0.3615818962529759
170,cruiseToAlternate,37.801,3000,5250.565,138.9,0.0,14.5,0.0,0.8,19145.28121835893,5.305521219015012,0.0,0.04037726740311849,0.024084735887971657,11550,5000,0.2975120275348369,1799638.7480434186,6048961.324202906,0.0,0.0,0.0,0.0,0.0,0.0,0.0,0.0,908908.4586077871,2513835.1827503317,1604926.7241425444,0.36156247030219796
171,cruiseToAlternate,37.801,3000,5250.565,138.9,0.0,14.5,0.0,0.8,19139.976942485668,5.304275873264024,0.0,0.04036066146159982,0.024084862330770476,11550,5000,0.2974995467940069,1799140.1721149548,6047539.203011647,0.0,0.0,0.0,0.0,0.0,0.0,0.0,0.0,908656.6525833105,2513273.7970492756,1604617.1444659652,0.36154304145060695
172,holding,60.0,3000,0.0,97.23,0.0,17.0,0.0,0.8,19134.260467466298,5.71647501936956,0.0,0.02872213325652038,0.08450953013515841,11550,5000,0.26146372241839433,1073894.9052433188,4107242.4706203477,0.0,0.0,0.0,0.0,0.0,0.0,0.0,0.0,542371.1642643024,1744719.0859348644,1202347.9216705621,0.3108644644496946
173,holding,60.0,3000,0.0,97.23,0.0,17.0,0.0,0.8,19128.545281509727,5.715185956572822,0.0,0.028702396561261945,0.08460130876300188,11550,5000,0.2614447498874039,1073574.1685246853,4106313.739277764,0.0,0.0,0.0,0.0,0.0,0.0,0.0,0.0,542209.1760225684,1744351.5358600842,1202142.359837516,0.3108371018547143
174,holding,60.0,3000,0.0,97.23,0.0,17.0,0.0,0.8,19122.83138433777,5.713897171957506,0.0,0.028682670104809408,0.08469301760309007,11550,5000,0.26142577327217353,1073253.504132052,4105385.213930972,0.0,0.0,0.0,0.0,0.0,0.0,0.0,0.0,542047.2243091172,1743984.0605708023,1201936.836261685,0.3108097353433989
175,holding,60.0,3000,0.0,97.23,0.0,17.0,0.0,0.8,19117.118775672214,5.712608665553598,0.0,0.028662953883749898,0.0847846566856529,11550,5000,0.2614067925616624,1072932.9120498102,4104456.8946949593,0.0,0.0,0.0,0.0,0.0,0.0,0.0,0.0,541885.3091160657,1743616.6599997815,1201731.3508837158,0.3107823649242567
176,holding,60.0,3000,0.0,97.23,0.0,17.0,0.0,0.8,19111.40745523482,5.711320437392119,0.0,0.02864324789468663,0.08487622604084433,11550,5000,0.2613878077448462,1072612.3922623505,4103528.781684345,0.0,0.0,0.0,0.0,0.0,0.0,0.0,0.0,541723.4304355306,1743249.33407986,1201525.9036443294,0.3107549906057866
177,holding,60.0,3000,0.0,97.23,0.0,17.0,0.0,0.8,19105.69742274732,5.710032487503892,0.0,0.028623552134220125,0.08496772569883014,11550,5000,0.26136881881066476,1072291.9447540615,4102600.8750142017,0.0,0.0,0.0,0.0,0.0,0.0,0.0,0.0,541561.588259627,1742882.0827440072,1201320.4944843801,0.310727612396467
178,holding,60.0,3000,0.0,97.23,0.0,17.0,0.0,0.8,19099.988677931397,5.708744815920216,0.0,0.02860386659895834,0.0850591556897404,11550,5000,0.2613498257480349,1071971.56950933,4101673.1747998507,0.0,0.0,0.0,0.0,0.0,0.0,0.0,0.0,541399.7825804697,1742514.905925559,1201115.1233450894,0.31070023030471483
179,holding,60.0,3000,0.0,97.23,0.0,17.0,0.0,0.8,19094.281220508725,5.7074574226726815,0.0,0.028584191285514034,0.08515051604368208,11550,5000,0.2613308285458986,1071651.2665125409,4100745.681156107,0.0,0.0,0.0,0.0,0.0,0.0,0.0,0.0,541238.0133901722,1742147.803557854,1200909.7901676816,0.31067284433894965
180,holding,60.0,3000,0.0,97.23,0.0,17.0,0.0,0.8,19088.575050200932,5.706170307793293,0.0,0.028564526190506503,0.08524180679073069,11550,5000,0.2613118271931553,1071331.0357480778,4099818.394198346,0.0,0.0,0.0,0.0,0.0,0.0,0.0,0.0,541076.2806808474,1741780.775574455,1200704.4948936077,0.3106454545075545
181,holding,60.0,3000,0.0,97.23,0.0,17.0,0.0,0.8,19082.87016672962,5.7048834713141945,0.0,0.02854487131055741,0.08533302796095008,11550,5000,0.261292821678698,1071010.8772003218,4098891.3140419284,0.0,0.0,0.0,0.0,0.0,0.0,0.0,0.0,540914.5844446069,1741413.8219090449,1200499.237464438,0.3106180608188943
182,holding,60.0,3000,0.0,97.23,0.0,17.0,0.0,0.8,19077.166569816352,5.703596913268153,0.0,0.02852522664229817,0.08542417958435759,11550,5000,0.2612738119914268,1070690.7908536526,4097964.4408019944,0.0,0.0,0.0,0.0,0.0,0.0,0.0,0.0,540752.9246735619,1741046.9424955542,1200294.0178219923,0.3105906632812933
183,holding,60.0,3000,0.0,97.23,0.0,17.0,0.0,0.8,19071.464259182663,5.7023106336879446,0.0,0.02850559218236059,0.08551526169096835,11550,5000,0.26125479812020846,1070370.7766924486,4097037.774594096,0.0,0.0,0.0,0.0,0.0,0.0,0.0,0.0,540591.3013598225,1740680.1372680124,1200088.8359081899,0.3105632619030613
184,holding,60.0,3000,0.0,97.23,0.0,17.0,0.0,0.8,19065.763234550057,5.7010246326067895,0.0,0.028485967927383476,0.08560627431076388,11550,5000,0.2612357800538977,1070050.8347010848,4096111.315533859,0.0,0.0,0.0,0.0,0.0,0.0,0.0,0.0,540429.7144954974,1740313.4061607034,1199883.691665206,0.3105358566924659
185,holding,60.0,3000,0.0,97.23,0.0,17.0,0.0,0.8,19060.06349564,5.69973891005822,0.0,0.02846635387401061,0.08569721747370183,11550,5000,0.26121675778136194,1069730.9648639362,4095185.063736606,0.0,0.0,0.0,0.0,0.0,0.0,0.0,0.0,540268.1640726951,1739946.7491080586,1199678.5850353637,0.3105084476577518
186,holding,60.0,3000,0.0,97.23,0.0,17.0,0.0,0.8,19054.365042173922,5.6984534660759305,0.0,0.028446750018888453,0.08578809120972673,11550,5000,0.26119773129143786,1069411.1671653746,4094259.019318022,0.0,0.0,0.0,0.0,0.0,0.0,0.0,0.0,540106.6500835225,1739580.1660446015,1199473.515961079,0.3104810348071505
187,holding,60.0,3000,0.0,97.23,0.0,17.0,0.0,0.8,19048.667873873226,5.697168300694113,0.0,0.02842715635867127,0.08587889554874603,11550,5000,0.26117870057296455,1069091.4415897704,4093333.182393647,0.0,0.0,0.0,0.0,0.0,0.0,0.0,0.0,539945.172520086,1739213.6569050923,1199268.4843850064,0.3104536181488543
188,holding,60.0,3000,0.0,97.23,0.0,17.0,0.0,0.8,19042.97199045928,5.6958834139471115,0.0,0.028407572890015866,0.08596963052065469,11550,5000,0.2611596656147623,1068771.7881214921,4092407.553079203,0.0,0.0,0.0,0.0,0.0,0.0,0.0,0.0,539783.731374491,1738847.2216245157,1199063.4902500247,0.310426197691019
189,holding,60.0,3000,0.0,97.23,0.0,17.0,0.0,0.8,19037.27739165341,5.694598805869701,0.0,0.028387999609585803,0.08606029615531575,11550,5000,0.26114062640564895,1068452.2067449065,4091482.131490337,0.0,0.0,0.0,0.0,0.0,0.0,0.0,0.0,539622.3266388417,1738480.8601379527,1198858.533499111,0.310398773441786
190,holding,60.0,3000,0.0,97.23,0.0,17.0,0.0,0.8,19031.584077176914,5.69331447649695,0.0,0.028368436514049324,0.08615089248256967,11550,5000,0.2611215829344229,1068132.697444378,4090556.9177428926,0.0,0.0,0.0,0.0,0.0,0.0,0.0,0.0,539460.9583052414,1738114.5723806934,1198653.6140754519,0.31037134540926287
191,holding,60.0,3000,0.0,97.23,0.0,17.0,0.0,0.8,19025.89204675105,5.692030425863942,0.0,0.02834888360007503,0.08624141953225456,11550,5000,0.26110253518989573,1067813.2602042689,4089631.9119523875,0.0,0.0,0.0,0.0,0.0,0.0,0.0,0.0,539299.6263657924,1737748.3582882069,1198448.7319224144,0.31034391360152797
192,holding,60.0,3000,0.0,97.23,0.0,17.0,0.0,0.8,19020.201300097044,5.6907466540063245,0.0,0.028329340864340375,0.08633187733416689,11550,5000,0.26108348316085145,1067493.8950089402,4088707.1142346673,0.0,0.0,0.0,0.0,0.0,0.0,0.0,0.0,539138.3308125961,1737382.2177961369,1198243.8869835406,0.31031647802663204
193,holding,60.0,3000,0.0,97.23,0.0,17.0,0.0,0.8,19014.511836936083,5.689463160960104,0.0,0.028309808303528396,0.08642226591807671,11550,5000,0.261064426836086,1067174.60184275,4087782.5247052712,0.0,0.0,0.0,0.0,0.0,0.0,0.0,0.0,538977.0716377526,1737016.150840339,1198039.0792025866,0.3102890386925905
194,holding,60.0,3000,0.0,97.23,0.0,17.0,0.0,0.8,19008.82365698932,5.688179946761213,0.0,0.028290285914321256,0.08651258531375729,11550,5000,0.26104536620436064,1066855.380690056,4086858.1434801756,0.0,0.0,0.0,0.0,0.0,0.0,0.0,0.0,538815.8488333615,1736650.1573567663,1197834.3085234049,0.3102615956074051
195,holding,60.0,3000,0.0,97.23,0.0,17.0,0.0,0.8,19003.136759977875,5.686897011446226,0.0,0.02827077369341098,0.08660283555093574,11550,5000,0.26102630125444704,1066536.2315352114,4085933.9706750764,0.0,0.0,0.0,0.0,0.0,0.0,0.0,0.0,538654.6623915209,1736284.2372816144,1197629.5748900934,0.3102341487790369
196,holding,60.0,3000,0.0,97.23,0.0,17.0,0.0,0.8,18997.451145622825,5.685614355051833,0.0,0.0282512716374915,0.08669301665932977,11550,5000,0.261007231975109,1066217.1543625698,4085010.0064056837,0.0,0.0,0.0,0.0,0.0,0.0,0.0,0.0,538493.5123043281,1735918.390551268,1197424.8782469397,0.3102066982154162
197,holding,60.0,3000,0.0,97.23,0.0,17.0,0.0,0.8,18991.76681364521,5.684331977614872,0.0,0.02823177974325924,0.08678312866864486,11550,5000,0.26098815835511535,1065898.1491564813,4084086.2507875147,0.0,0.0,0.0,0.0,0.0,0.0,0.0,0.0,538332.3985638794,1735552.6171021704,1197220.218538291,0.310179243924466
198,holding,60.0,3000,0.0,97.23,0.0,17.0,0.0,0.8,18986.083763766037,5.683049879172672,0.0,0.028212298007418184,0.08687317160855107,11550,5000,0.2609690803832073,1065579.215901294,4083162.703936406,0.0,0.0,0.0,0.0,0.0,0.0,0.0,0.0,538171.3211622697,1735186.9168711756,1197015.595708906,0.3101517859140387
199,holding,60.0,3000,0.0,97.23,0.0,17.0,0.0,0.8,18980.401995706274,5.6817680597628355,0.0,0.02819282642667665,0.08696314550869778,11550,5000,0.26094999804812635,1065260.354581355,4082239.36596808,0.0,0.0,0.0,0.0,0.0,0.0,0.0,0.0,538010.2800915934,1734821.2897951128,1196811.0097035193,0.31012432419199437
200,holding,60.0,3000,0.0,97.23,0.0,17.0,0.0,0.8,18974.72150918685,5.680486519423007,0.0,0.028173364997743717,0.08705305039873036,11550,5000,0.26093091133862084,1064941.5651810078,4081316.236998035,0.0,0.0,0.0,0.0,0.0,0.0,0.0,0.0,537849.2753439434,1734455.7358110468,1196606.4604671034,0.3100968587661537
201,holding,60.0,3000,0.0,97.23,0.0,17.0,0.0,0.8,18969.042303928658,5.679205258191359,0.0,0.028153913717336648,0.08714288630825574,11550,5000,0.26091182024341947,1064622.8476845946,4080393.317141965,0.0,0.0,0.0,0.0,0.0,0.0,0.0,0.0,537688.3069114113,1734090.2548562954,1196401.947944884,0.3100693896442949
202,descentToAlternate,22.259,2865,0.0,97.23,-6.065,16.0,0.0,0.8,18968.640858573846,0.4014453548119416,0.0,-0.001337909821638361,0.033713339080479,11550,5000,0.06450331750121688,2209.7748718929943,34258.31348676456,0.0,0.0,0.0,0.0,0.0,0.0,0.0,0.0,1116.0479150974718,13735.809811143943,12619.761896046472,0.08125097321834025
203,descentToAlternate,22.259,2730,0.0,97.23,-6.065,16.0,0.0,0.8,18968.233903573488,0.4069550003585319,0.0,-0.0013519104051643355,0.03387518471564366,11550,5000,0.06365073237109463,2209.7281060183886,34716.46002649737,0.0,0.0,0.0,0.0,0.0,0.0,0.0,0.0,1116.024295968883,13919.766830075325,12803.742534106443,0.08017550218999206
204,descentToAlternate,22.258,2595,0.0,97.23,-6.065,16.0,0.0,0.8,18967.821215549124,0.4126880243634415,0.0,-0.0013660305931450126,0.03404699332511585,11550,5000,0.06278715368839054,2209.680698304437,35193.19746951694,0.0,0.0,0.0,0.0,0.0,0.0,0.0,0.0,1116.0003526790088,14111.193281245742,12995.192928566732,0.07908617864105166
205,descentToAlternate,22.259,2460,0.0,97.23,-6.065,16.0,0.0,0.8,18967.402505919712,0.418709629412019,0.0,-0.0013804357266519187,0.03423348366086386,11550,5000,0.06191179626444485,2209.6326227288228,35690.00991815491,0.0,0.0,0.0,0.0,0.0,0.0,0.0,0.0,1115.976072085264,14310.683982417,13194.707910331736,0.07798202192546644
206,descentToAlternate,22.259,2325,0.0,97.23,-6.065,16.0,0.0,0.8,18966.9775813146,0.424924605112297,0.0,-0.0013948596977324825,0.03442699089796294,11550,5000,0.06103263566494993,2209.5838456738275,36203.31682550548,0.0,0.0,0.0,0.0,0.0,0.0,0.0,0.0,1115.9514372090039,14516.80101069484,13400.849573485837,0.07687309596562344
207,descentToAlternate,22.258,2190,0.0,97.23,-6.065,16.0,0.0,0.8,18966.54632382288,0.4312574917220238,0.0,-0.001409183489518006,0.034622313542934845,11550,5000,0.060163608969978646,2209.5343446133193,36725.42891693659,0.0,0.0,0.0,0.0,0.0,0.0,0.0,0.0,1115.9264366733935,14726.459298973457,13610.532862300064,0.07577696811012691
208,descentToAlternate,22.259,2055,0.0,97.23,-6.065,16.0,0.0,0.8,18966.10861358103,0.43771024185104235,0.0,-0.0014235138971752032,0.034820353859277745,11550,5000,0.05931579286565943,2209.484105810756,37249.50808319929,0.0,0.0,0.0,0.0,0.0,0.0,0.0,0.0,1115.9010635407858,14936.91415713725,13821.013093596463,0.07470760371261684
209,descentToAlternate,22.259,1920,0.0,97.23,-6.065,16.0,0.0,0.8,18965.664387767338,0.44422581369087333,0.0,-0.0014376494877280693,0.035016423530837025,11550,5000,0.05849069175484726,2209.4331153032836,37774.09787806421,0.0,0.0,0.0,0.0,0.0,0.0,0.0,0.0,1115.875310759234,15147.574420464509,14031.699109705274,0.07366693041307501
210,descentToAlternate,22.259,1785,0.0,97.23,-6.065,16.0,0.0,0.8,18965.21354109775,0.4508466695890182,0.0,-0.0014516639780003913,0.035213402267523786,11550,5000,0.05768540400032175,2209.3813657723367,38300.52686742063,0.0,0.0,0.0,0.0,0.0,0.0,0.0,0.0,1115.8491746324933,15358.962446672389,14243.113272039896,0.07265133816863056
211,descentToAlternate,22.258,1650,0.0,97.23,-6.065,16.0,0.0,0.8,18964.75600973091,0.45753136684058626,0.0,-0.0014654545201386612,0.03540829194269692,11550,5000,0.05690372655782235,2209.3288449530955,38825.732137386476,0.0,0.0,0.0,0.0,0.0,0.0,0.0,0.0,1115.82264896621,15569.841608791896,14454.018959825686,0.07166563906058833
212,descentToAlternate,22.259,1515,0.0,97.23,-6.065,16.0,0.0,0.8,18964.291726298427,0.4642834324854172,0.0,-0.0014791516365281233,0.035602305629342246,11550,5000,0.05615739845003391,2209.2755454084836,39340.77443730212,0.0,0.0,0.0,0.0,0.0,0.0,0.0,0.0,1115.7957300042847,15776.621885397451,14660.826155393168,0.07072462901814516
213,descentToAlternate,22.259,1380,0.0,97.23,-6.065,16.0,0.0,0.8,18963.820703175006,0.47102312341900154,0.0,-0.0014925372587791899,0.03578965641593202,11550,5000,0.05545545970210195,2209.2214592904784,39837.76297515286,0.0,0.0,0.0,0.0,0.0,0.0,0.0,0.0,1115.76841378307,15976.13201311434,14860.363599331271,0.06983970919038276
214,descentToAlternate,22.258,1245,0.0,97.23,-6.065,16.0,0.0,0.8,18963.342905421363,0.47779775364476146,0.0,-0.0015056463693546586,0.035973210096114504,11550,5000,0.05479665561063316,2209.1665880403016,40315.7193340029,0.0,0.0,0.0,0.0,0.0,0.0,0.0,0.0,1115.7407010304553,16167.968001019559,15052.227299989105,0.06900933382352663
215,descentToAlternate,22.259,1110,0.0,97.23,-6.065,16.0,0.0,0.8,18962.858188374874,0.484717046488694,0.0,-0.0015187062553622113,0.036160388360943305,11550,5000,0.05417487987842602,2209.1109275883064,40777.4033379636,0.0,0.0,0.0,0.0,0.0,0.0,0.0,0.0,1115.7125896910638,16353.223009862777,15237.510420171713,0.06822585303326247
216,descentToAlternate,22.259,975,0.0,97.23,-6.065,16.0,0.0,0.8,18962.366475676245,0.491712698628459,0.0,-0.0015314938842366874,0.03634599397284829,11550,5000,0.05359012694146861,2209.054461081978,41221.29554749362,0.0,0.0,0.0,0.0,0.0,0.0,0.0,0.0,1115.6840712535243,16531.274840062244,15415.590768808719,0.06748929420432546
217,descentToAlternate,22.259,840,0.0,97.23,-6.065,16.0,0.0,0.8,18961.86765635354,0.4988193227024521,0.0,-0.0015440682839456322,0.036532258715132465,11550,5000,0.05305320053063305,2208.9971796257887,41637.39713215432,0.0,0.0,0.0,0.0,0.0,0.0,0.0,0.0,1115.6551412251458,16698.101539609692,15582.446398384547,0.06681329243199845
218,descentToAlternate,22.258,705,0.0,97.23,-6.065,16.0,0.0,0.8,18961.36154088806,0.5061154654783564,0.0,-0.001556399164475456,0.03672295235906246,11550,5000,0.05257968406833008,2208.939070292283,42011.26555689551,0.0,0.0,0.0,0.0,0.0,0.0,0.0,0.0,1115.6257930769104,16847.89884317378,15732.273050096872,0.06621750305254982
219,descentToAlternate,22.259,570,0.0,97.23,-6.065,16.0,0.0,0.8,18960.847738428707,0.5138024593541068,0.0,-0.0015687278844990246,0.03692985338265058,11550,5000,0.05217809710591216,2208.8801110037602,42333.47388119828,0.0,0.0,0.0,0.0,0.0,0.0,0.0,0.0,1115.5960156584647,16976.870252882713,15861.274237224246,0.06571270199046458
220,descentToAlternate,22.259,435,0.0,97.23,-6.065,16.0,0.0,0.8,18960.32583192456,0.5219065041465865,0.0,-0.0015808227052940412,0.03715235164969158,11550,5000,0.05184653424195988,2208.8202562285587,42603.04547880348,0.0,0.0,0.0,0.0,0.0,0.0,0.0,0.0,1115.5657859740195,17084.5971962997,15969.031410325679,0.06529658107570932
221,descentToAlternate,22.258,300,0.0,97.23,-6.065,16.0,0.0,0.8,18959.79520415731,0.5306277672487493,0.0,-0.0015926709034141946,0.037400048044857914,11550,5000,0.05159079191136073,2208.7594573826063,42813.05588752203,0.0,0.0,0.0,0.0,0.0,0.0,0.0,0.0,1115.535079486165,17168.264504915383,16052.72942542922,0.06497657810239237
222,finalToAlternate,10.714,270,0.0,53.502,-2.8,7.5,0.0,0.8,18958.835158800488,0.9600453568240781,0.0,0.0039430068630901555,0.020736100596744748,11550,5000,0.20864744399025412,806030.4929529815,3863121.8170620436,0.0,0.0,0.0,0.0,0.0,0.0,0.0,0.0,407086.10755201086,1679313.6588994164,1272227.5513474056,0.2424121934545603
223,finalToAlternate,10.714,240,0.0,53.502,-2.8,7.5,0.0,0.8,18957.873770697173,0.9613881033131855,0.0,0.003959544823507918,0.020679505793260885,11550,5000,0.20833912834302606,805989.6789133843,3868642.8484347835,0.0,0.0,0.0,0.0,0.0,0.0,0.0,0.0,407065.49440069916,1681977.802576001,1274912.3081753019,0.2420159729678155
224,finalToAlternate,10.714,210,0.0,53.502,-2.8,7.5,0.0,0.8,18956.91104032445,0.9627303727239941,0.0,0.0039761108694790345,0.02062296508501793,11550,5000,0.20802890762687798,805948.8077901212,3874215.4491128526,0.0,0.0,0.0,0.0,0.0,0.0,0.0,0.0,407044.85241925315,1684678.6779306747,1277633.8255114215,0.24161572040505352
225,finalToAlternate,10.714,180,0.0,53.502,-2.8,7.5,0.0,0.8,18955.946968722576,0.9640716018723013,0.0,0.003992697138424227,0.020566504232226137,11550,5000,0.20771641059847845,805907.8796034742,3879846.937858542,0.0,0.0,0.0,0.0,0.0,0.0,0.0,0.0,407024.18161791627,1687421.42682586,1280397.2452079437,0.2412107462588957
226,finalToAlternate,10.714,150,0.0,53.502,-2.8,7.5,0.0,0.8,18954.98155751881,0.9654112037641601,0.0,0.004009295375250993,0.020510150192684845,11550,5000,0.20740123970759006,805866.894397667,3885545.214357634,0.0,0.0,0.0,0.0,0.0,0.0,0.0,0.0,407003.48201902374,1690211.5143680447,1283208.032349021,0.24080032502393572
227,finalToAlternate,10.714,120,0.0,53.502,-2.8,7.5,0.0,0.8,18954.01480894003,0.9667485787778907,0.0,0.0040258970854918285,0.020453930617415524,11550,5000,0.20708297530123237,805825.8522418794,3891318.6903447197,0.0,0.0,0.0,0.0,0.0,0.0,0.0,0.0,406982.75365751487,1693054.6671409546,1286071.9134834397,0.24038370500155368
228,finalToAlternate,10.714,90,0.0,53.502,-2.8,7.5,0.0,0.8,18953.04672581303,0.9680831270011184,0.0,0.004042493706486547,0.020397873289648302,11550,5000,0.20676118050286707,805784.753230781,3897176.207211718,0.0,0.0,0.0,0.0,0.0,0.0,0.0,0.0,406961.9965812025,1695956.8025347313,1288994.805953529,0.23996011925124983
229,finalToAlternate,10.714,60,0.0,53.502,-2.8,7.5,0.0,0.8,18952.07731155172,0.9694142613121706,0.0,0.004059076791060936,0.020342005525564782,11550,5000,0.206435406605505,805743.5974845468,3903126.9428713406,0.0,0.0,0.0,0.0,0.0,0.0,0.0,0.0,406941.21085078124,1698923.9515417991,1291982.7406910178,0.23952879731990118
230,finalToAlternate,10.714,30,0.0,53.502,-2.8,7.5,0.0,0.8,18951.106570130956,0.9707414207622705,0.0,0.004075638197594305,0.02028635355694157,11550,5000,0.20610519880496828,805702.3851483108,3909180.3109281342,0.0,0.0,0.0,0.0,0.0,0.0,0.0,0.0,406920.3965395509,1701962.177616754,1295041.781077203,0.23908897735280976
231,finalToAlternate,10.714,0,0.0,53.502,-2.8,7.5,0.0,0.8,18950.13450604715,0.9720640838066588,0.0,0.004092170280147657,0.020230941916461968,11550,5000,0.20577010209568197,805661.1163910545,3915345.8553294903,0.0,0.0,0.0,0.0,0.0,0.0,0.0,0.0,406899.55373285577,1705077.4942737292,1298177.9405408734,0.23863991818516905
232,landing,10.618,0,0.0,53.502,0.0,8.0,0.0,0.8,18948.846219429113,1.2882866180359729,0.0,0.008919010767579469,0.006119806797867209,11550,5000,0.2373934240342252,1243258.2056400334,5237121.502829799,,,,,,,,,,,,
total,0,10951.277000000002,0,985000.0000000002,0.0,0.0,0.0,0.0,0.0,19958.940712823558,1010.0944933944465,2398.852603754279,5.760153454261566,13.684542906220864,11550,5000,0.3069450847086254,325177903.62040114,1059400915.0825257,,,,,,,,,,,,
